Supplemental results for CODEML (seqf: Chimpanzee_OR2W1_orthologues.phy  treef: chimpanzee_or2w1_orthologues_phy_phyml_tree.trees)


TREE #  1


MLEs of dN/dS (w) for site classes (K=4)

site class             0        1       2a       2b
proportion       0.70844  0.22674  0.04911  0.01572
background w     0.11303  1.00000  0.11303  1.00000
foreground w     0.11303  1.00000  5.03697  5.03697

Naive Empirical Bayes (NEB) probabilities for 4 classes
(amino acids refer to 1st sequence: ENSPPYP00000018312_Pabe)

   1 M   0.10941 0.82762 0.00731 0.05566 ( 2)
   2 I   0.15431 0.78413 0.01002 0.05153 ( 2)
   3 N   0.90906 0.03089 0.05804 0.00200 ( 1)
   4 D   0.67135 0.26730 0.04374 0.01761 ( 1)
   5 S   0.91757 0.02208 0.05891 0.00144 ( 1)
   6 Y   0.64021 0.29911 0.04118 0.01950 ( 1)
   7 F   0.73103 0.20714 0.04807 0.01375 ( 1)
   8 G   0.20586 0.73273 0.01334 0.04807 ( 2)
   9 W   0.06634 0.87166 0.00434 0.05766 ( 2)
  10 L   0.78050 0.16044 0.04883 0.01023 ( 1)
  11 M   0.80370 0.13730 0.05026 0.00875 ( 1)
  12 L   0.86899 0.06803 0.05838 0.00460 ( 1)
  13 L   0.89398 0.04627 0.05676 0.00299 ( 1)
  14 G   0.88873 0.04924 0.05875 0.00328 ( 1)
  15 F   0.90289 0.03739 0.05730 0.00241 ( 1)
  16 P   0.75440 0.18501 0.04852 0.01206 ( 1)
  17 G   0.12145 0.81679 0.00792 0.05384 ( 2)
  18 K   0.23298 0.70563 0.01510 0.04629 ( 2)
  19 P   0.89729 0.04043 0.05958 0.00271 ( 1)
  20 Q   0.61231 0.32599 0.04012 0.02158 ( 1)
  21 L   0.69500 0.24648 0.04296 0.01556 ( 1)
  22 E   0.89688 0.04093 0.05945 0.00274 ( 1)
  23 M   0.92248 0.01927 0.05703 0.00122 ( 1)
  24 I   0.88379 0.05645 0.05612 0.00364 ( 1)
  25 I   0.50526 0.43164 0.03394 0.02916 ( 1)
  26 S   0.89234 0.04511 0.05952 0.00303 ( 1)
  27 G   0.87358 0.06348 0.05866 0.00429 ( 1)
  28 V   0.89716 0.04353 0.05651 0.00279 ( 1)
  29 V   0.89451 0.04530 0.05725 0.00294 ( 1)
  30 F   0.23789 0.70053 0.01548 0.04610 ( 2)
  31 F   0.19367 0.74591 0.01230 0.04813 ( 2)
  32 F   0.90289 0.03739 0.05730 0.00241 ( 1)
  33 C   0.71454 0.22357 0.04704 0.01486 ( 1)
  34 A   0.16378 0.77407 0.01077 0.05139 ( 2)
  35 I   0.88622 0.05487 0.05542 0.00350 ( 1)
  36 S   0.58106 0.35710 0.03816 0.02368 ( 1)
  37 L   0.88516 0.05317 0.05814 0.00353 ( 1)
  38 M   0.75413 0.18419 0.04947 0.01220 ( 1)
  39 G   0.89341 0.04511 0.05850 0.00298 ( 1)
  40 N   0.90630 0.03299 0.05855 0.00216 ( 1)
  41 M   0.63701 0.30118 0.04184 0.01997 ( 1)
  42 V   0.13820 0.34876 0.39805 0.11498 ( 3)
  43 I   0.88474 0.05550 0.05618 0.00358 ( 1)
  44 I   0.88771 0.05337 0.05551 0.00340 ( 1)
  45 L   0.88114 0.05911 0.05594 0.00381 ( 1)
  46 L   0.14441 0.79309 0.00956 0.05294 ( 2)
  47 P   0.68717 0.25219 0.04420 0.01644 ( 1)
  48 L   0.83445 0.10494 0.05376 0.00685 ( 1)
  49 L   0.85428 0.08273 0.05739 0.00559 ( 1)
  50 D   0.91415 0.02524 0.05896 0.00165 ( 1)
  51 K   0.05642 0.88183 0.00367 0.05808 ( 2)
  52 H   0.68659 0.25060 0.04593 0.01687 ( 1)
  53 L   0.89444 0.04582 0.05679 0.00296 ( 1)
  54 Q   0.70598 0.23298 0.04575 0.01528 ( 1)
  55 T   0.65693 0.28127 0.04314 0.01865 ( 1)
  56 P   0.89510 0.04262 0.05943 0.00285 ( 1)
  57 M   0.92248 0.01927 0.05703 0.00122 ( 1)
  58 Y   0.90123 0.03699 0.05933 0.00246 ( 1)
  59 F   0.90547 0.03562 0.05665 0.00227 ( 1)
  60 F   0.90331 0.03698 0.05733 0.00238 ( 1)
  61 L   0.89187 0.04757 0.05745 0.00311 ( 1)
  62 R   0.90119 0.03682 0.05953 0.00245 ( 1)
  63 N   0.90906 0.03089 0.05804 0.00200 ( 1)
  64 L   0.86460 0.07366 0.05685 0.00489 ( 1)
  65 A   0.66106 0.27828 0.04252 0.01814 ( 1)
  66 I   0.66213 0.27792 0.04202 0.01792 ( 1)
  67 L   0.86078 0.07634 0.05773 0.00515 ( 1)
  68 D   0.91415 0.02524 0.05896 0.00165 ( 1)
  69 L   0.86922 0.06790 0.05830 0.00458 ( 1)
  70 C   0.91146 0.02722 0.05952 0.00180 ( 1)
  71 Y   0.67632 0.26375 0.04292 0.01701 ( 1)
  72 T   0.89482 0.04352 0.05877 0.00289 ( 1)
  73 T   0.89821 0.04129 0.05780 0.00269 ( 1)
  74 N   0.76101 0.17787 0.04943 0.01169 ( 1)
  75 I   0.88449 0.05576 0.05616 0.00360 ( 1)
  76 V   0.74573 0.19437 0.04735 0.01254 ( 1)
  77 P   0.90175 0.03758 0.05821 0.00246 ( 1)
  78 Q   0.88271 0.05457 0.05905 0.00367 ( 1)
  79 M   0.92248 0.01927 0.05703 0.00122 ( 1)
  80 L   0.86250 0.07452 0.05794 0.00503 ( 1)
  81 V   0.89451 0.04530 0.05725 0.00294 ( 1)
  82 N   0.70843 0.23071 0.04577 0.01510 ( 1)
  83 A   0.12638 0.81149 0.00830 0.05382 ( 2)
  84 W   0.87477 0.06222 0.05880 0.00421 ( 1)
  85 G   0.88893 0.04813 0.05969 0.00325 ( 1)
  86 K   0.06723 0.87145 0.00434 0.05699 ( 2)
  87 D   0.91033 0.02906 0.05871 0.00190 ( 1)
  88 K   0.90234 0.03603 0.05924 0.00239 ( 1)
  89 K   0.46997 0.46919 0.03024 0.03060 ( 1)
  90 I   0.88356 0.05668 0.05610 0.00366 ( 1)
  91 T   0.65672 0.28208 0.04266 0.01854 ( 1)
  92 F   0.68006 0.25859 0.04431 0.01704 ( 1)
  93 G   0.59728 0.34095 0.03918 0.02259 ( 1)
  94 G   0.90274 0.03579 0.05911 0.00237 ( 1)
  95 Y   0.74242 0.19615 0.04848 0.01295 ( 1)
  96 A   0.39285 0.54692 0.02494 0.03529 ( 2)
  97 F   0.67076 0.26928 0.04259 0.01737 ( 1)
  98 Q   0.88452 0.05283 0.05910 0.00355 ( 1)
  99 L   0.89187 0.04757 0.05745 0.00311 ( 1)
 100 F   0.67538 0.26327 0.04400 0.01735 ( 1)
 101 T   0.42596 0.51425 0.02683 0.03296 ( 2)
 102 N   0.65588 0.28220 0.04318 0.01875 ( 1)
 103 V   0.77998 0.16160 0.04822 0.01020 ( 1)
 104 T   0.09939 0.83733 0.00668 0.05660 ( 2)
 105 L   0.86585 0.07247 0.05687 0.00481 ( 1)
 106 C   0.61835 0.31948 0.04087 0.02130 ( 1)
 107 T   0.53887 0.39843 0.03594 0.02676 ( 1)
 108 V   0.54914 0.39119 0.03459 0.02507 ( 1)
 109 E   0.89373 0.04407 0.05925 0.00295 ( 1)
 110 F   0.65480 0.28319 0.04317 0.01884 ( 1)
 111 M   0.51409 0.42580 0.03264 0.02747 ( 1)
 112 L   0.89197 0.04747 0.05746 0.00310 ( 1)
 113 L   0.85428 0.08273 0.05739 0.00559 ( 1)
 114 A   0.91465 0.02497 0.05876 0.00163 ( 1)
 115 V   0.89652 0.04417 0.05647 0.00283 ( 1)
 116 M   0.92248 0.01927 0.05703 0.00122 ( 1)
 117 S   0.89436 0.04447 0.05824 0.00293 ( 1)
 118 Y   0.90527 0.03354 0.05898 0.00221 ( 1)
 119 D   0.91033 0.02906 0.05871 0.00190 ( 1)
 120 P   0.54836 0.38975 0.03603 0.02586 ( 1)
 121 F   0.90547 0.03562 0.05665 0.00227 ( 1)
 122 N   0.53482 0.40331 0.03512 0.02675 ( 1)
 123 A   0.91465 0.02497 0.05876 0.00163 ( 1)
 124 V   0.26361 0.67578 0.01683 0.04378 ( 2)
 125 C   0.90584 0.03283 0.05916 0.00217 ( 1)
 126 K   0.90234 0.03603 0.05924 0.00239 ( 1)
 127 P   0.90955 0.02912 0.05942 0.00192 ( 1)
 128 L   0.86787 0.07045 0.05700 0.00467 ( 1)
 129 D   0.65082 0.28810 0.04218 0.01890 ( 1)
 130 C   0.74352 0.19518 0.04844 0.01286 ( 1)
 131 M   0.38513 0.55538 0.02409 0.03540 ( 2)
 132 T   0.32099 0.61722 0.02100 0.04080 ( 2)
 133 I   0.56758 0.37195 0.03632 0.02415 ( 1)
 134 M   0.92248 0.01927 0.05703 0.00122 ( 1)
 135 N   0.90581 0.03348 0.05852 0.00219 ( 1)
 136 P   0.89510 0.04262 0.05943 0.00285 ( 1)
 137 Q   0.70598 0.23298 0.04575 0.01528 ( 1)
 138 L   0.86922 0.06790 0.05830 0.00458 ( 1)
 139 C   0.91157 0.02711 0.05953 0.00179 ( 1)
 140 Q   0.50270 0.43428 0.03372 0.02930 ( 1)
 141 G   0.07512 0.86274 0.00493 0.05720 ( 2)
 142 L   0.69500 0.24648 0.04296 0.01556 ( 1)
 143 V   0.70571 0.23517 0.04413 0.01499 ( 1)
 144 A   0.06245 0.87700 0.00397 0.05658 ( 2)
 145 M   0.79377 0.14783 0.04907 0.00933 ( 1)
 146 T   0.02009 0.69919 0.05607 0.22466 ( 2)
 147 W   0.87477 0.06222 0.05880 0.00421 ( 1)
 148 L   0.09882 0.84014 0.00634 0.05470 ( 2)
 149 I   0.88622 0.05487 0.05542 0.00350 ( 1)
 150 G   0.76482 0.17470 0.04911 0.01137 ( 1)
 151 A   0.02714 0.90914 0.00183 0.06188 ( 2)
 152 T   0.73117 0.20760 0.04757 0.01366 ( 1)
 153 N   0.90906 0.03089 0.05804 0.00200 ( 1)
 154 C   0.62348 0.31582 0.04010 0.02059 ( 1)
 155 M   0.65168 0.28674 0.04263 0.01895 ( 1)
 156 I   0.69260 0.24585 0.04530 0.01625 ( 1)
 157 L   0.85690 0.08135 0.05635 0.00540 ( 1)
 158 S   0.61663 0.32185 0.04027 0.02125 ( 1)
 159 P   0.58019 0.35797 0.03810 0.02374 ( 1)
 160 C   0.24722 0.69169 0.01593 0.04516 ( 2)
 161 S   0.65812 0.28198 0.04173 0.01817 ( 1)
 162 V   0.55089 0.38602 0.03701 0.02608 ( 1)
 163 S   0.78813 0.15172 0.05032 0.00983 ( 1)
 164 L   0.82855 0.10975 0.05442 0.00728 ( 1)
 165 P   0.90676 0.03190 0.05923 0.00211 ( 1)
 166 R   0.30262 0.63536 0.01988 0.04214 ( 2)
 167 C   0.91157 0.02711 0.05953 0.00179 ( 1)
 168 R   0.62845 0.30852 0.04220 0.02084 ( 1)
 169 D   0.75596 0.18321 0.04884 0.01199 ( 1)
 170 H   0.11354 0.41820 0.32952 0.13874 ( 2)
 171 H   0.01624 0.92317 0.00103 0.05956 ( 2)
 172 L   0.85428 0.08273 0.05739 0.00559 ( 1)
 173 D   0.91415 0.02524 0.05896 0.00165 ( 1)
 174 H   0.90695 0.03217 0.05878 0.00211 ( 1)
 175 Y   0.68999 0.25009 0.04379 0.01613 ( 1)
 176 F   0.73247 0.20577 0.04811 0.01365 ( 1)
 177 C   0.91157 0.02711 0.05953 0.00179 ( 1)
 178 E   0.89373 0.04407 0.05925 0.00295 ( 1)
 179 I   0.52537 0.41275 0.03451 0.02738 ( 1)
 180 S   0.66933 0.26828 0.04444 0.01795 ( 1)
 181 A   0.90444 0.03517 0.05810 0.00229 ( 1)
 182 M   0.64768 0.28926 0.04351 0.01954 ( 1)
 183 V   0.89451 0.04530 0.05725 0.00294 ( 1)
 184 K   0.90033 0.03804 0.05911 0.00252 ( 1)
 185 I   0.88353 0.05643 0.05639 0.00366 ( 1)
 186 A   0.90444 0.03517 0.05810 0.00229 ( 1)
 187 C   0.91157 0.02711 0.05953 0.00179 ( 1)
 188 V   0.88759 0.05098 0.05806 0.00337 ( 1)
 189 A   0.66394 0.27467 0.04329 0.01811 ( 1)
 190 T   0.90273 0.03678 0.05810 0.00240 ( 1)
 191 T   0.89366 0.04468 0.05869 0.00296 ( 1)
 192 V   0.31410 0.62390 0.02063 0.04138 ( 2)
 193 M   0.65164 0.28880 0.04105 0.01851 ( 1)
 194 E   0.89403 0.04388 0.05916 0.00293 ( 1)
 195 E   0.18923 0.75163 0.01170 0.04744 ( 2)
 196 T   0.64974 0.28959 0.04179 0.01888 ( 1)
 197 L   0.53481 0.40551 0.03369 0.02599 ( 1)
 198 I   0.67026 0.26980 0.04254 0.01740 ( 1)
 199 C   0.01523 0.92363 0.00098 0.06016 ( 2)
 200 F   0.73103 0.20714 0.04807 0.01375 ( 1)
 201 F   0.01839 0.91911 0.00122 0.06128 ( 2)
 202 F   0.68048 0.26037 0.04255 0.01659 ( 1)
 203 F   0.59533 0.34436 0.03800 0.02231 ( 1)
 204 I   0.88622 0.05487 0.05542 0.00350 ( 1)
 205 F   0.64826 0.29133 0.04149 0.01892 ( 1)
 206 L   0.89187 0.04757 0.05745 0.00311 ( 1)
 207 A   0.66731 0.27089 0.04383 0.01797 ( 1)
 208 S   0.68179 0.25737 0.04401 0.01683 ( 1)
 209 L   0.89187 0.04757 0.05745 0.00311 ( 1)
 210 L   0.64298 0.29703 0.04083 0.01916 ( 1)
 211 L   0.89444 0.04582 0.05679 0.00296 ( 1)
 212 I   0.88622 0.05487 0.05542 0.00350 ( 1)
 213 L   0.89398 0.04627 0.05676 0.00299 ( 1)
 214 V   0.66068 0.27907 0.04217 0.01808 ( 1)
 215 S   0.89442 0.04440 0.05825 0.00292 ( 1)
 216 Y   0.90527 0.03354 0.05898 0.00221 ( 1)
 217 G   0.90191 0.03606 0.05962 0.00240 ( 1)
 218 F   0.65528 0.28279 0.04314 0.01879 ( 1)
 219 I   0.88622 0.05487 0.05542 0.00350 ( 1)
 220 A   0.90882 0.03007 0.05913 0.00198 ( 1)
 221 V   0.17932 0.75870 0.01175 0.05022 ( 2)
 222 A   0.91465 0.02497 0.05876 0.00163 ( 1)
 223 V   0.88705 0.05136 0.05819 0.00340 ( 1)
 224 L   0.86899 0.06803 0.05838 0.00460 ( 1)
 225 K   0.67882 0.25907 0.04484 0.01726 ( 1)
 226 I   0.37871 0.56239 0.02341 0.03550 ( 2)
 227 K   0.90234 0.03603 0.05924 0.00239 ( 1)
 228 S   0.89234 0.04511 0.05952 0.00303 ( 1)
 229 A   0.16324 0.77477 0.01070 0.05129 ( 2)
 230 A   0.89599 0.04190 0.05931 0.00280 ( 1)
 231 G   0.62399 0.31479 0.04053 0.02069 ( 1)
 232 R   0.31298 0.62407 0.02094 0.04202 ( 2)
 233 Q   0.51794 0.41845 0.03512 0.02849 ( 1)
 234 K   0.90323 0.03525 0.05919 0.00233 ( 1)
 235 A   0.89599 0.04190 0.05931 0.00280 ( 1)
 236 F   0.06848 0.87224 0.00423 0.05505 ( 2)
 237 G   0.13695 0.80231 0.00874 0.05199 ( 2)
 238 T   0.90273 0.03678 0.05810 0.00240 ( 1)
 239 C   0.91157 0.02711 0.05953 0.00179 ( 1)
 240 F   0.08652 0.85025 0.00581 0.05742 ( 2)
 241 S   0.90678 0.03276 0.05832 0.00214 ( 1)
 242 H   0.91104 0.02808 0.05904 0.00184 ( 1)
 243 L   0.64268 0.29734 0.04080 0.01918 ( 1)
 244 I   0.75933 0.18086 0.04815 0.01166 ( 1)
 245 V   0.88759 0.05098 0.05806 0.00337 ( 1)
 246 V   0.88705 0.05136 0.05819 0.00340 ( 1)
 247 S   0.91000 0.02954 0.05853 0.00193 ( 1)
 248 I   0.60081 0.33888 0.03835 0.02196 ( 1)
 249 F   0.90289 0.03739 0.05730 0.00241 ( 1)
 250 Y   0.90527 0.03354 0.05898 0.00221 ( 1)
 251 G   0.87358 0.06348 0.05866 0.00429 ( 1)
 252 T   0.90564 0.03470 0.05743 0.00224 ( 1)
 253 V   0.76219 0.17876 0.04766 0.01139 ( 1)
 254 T   0.72000 0.22009 0.04572 0.01420 ( 1)
 255 Y   0.90123 0.03699 0.05933 0.00246 ( 1)
 256 M   0.79233 0.14927 0.04898 0.00942 ( 1)
 257 Y   0.90123 0.03699 0.05933 0.00246 ( 1)
 258 I   0.50820 0.42870 0.03414 0.02896 ( 1)
 259 Q   0.88007 0.05727 0.05880 0.00385 ( 1)
 260 P   0.89103 0.04669 0.05916 0.00312 ( 1)
 261 G   0.89341 0.04511 0.05850 0.00298 ( 1)
 262 N   0.90581 0.03348 0.05852 0.00219 ( 1)
 263 S   0.69356 0.24438 0.04579 0.01628 ( 1)
 264 P   0.58816 0.35118 0.03778 0.02287 ( 1)
 265 S   0.90499 0.03385 0.05894 0.00223 ( 1)
 266 Q   0.61231 0.32599 0.04012 0.02158 ( 1)
 267 D   0.90888 0.02990 0.05925 0.00197 ( 1)
 268 E   0.59003 0.34713 0.03947 0.02337 ( 1)
 269 G   0.69297 0.24489 0.04581 0.01633 ( 1)
 270 K   0.90033 0.03804 0.05911 0.00252 ( 1)
 271 F   0.90331 0.03698 0.05733 0.00238 ( 1)
 272 L   0.89168 0.04776 0.05744 0.00312 ( 1)
 273 H   0.14819 0.79070 0.00954 0.05158 ( 2)
 274 I   0.61151 0.32771 0.03939 0.02139 ( 1)
 275 F   0.90508 0.03600 0.05662 0.00229 ( 1)
 276 Y   0.89853 0.03969 0.05915 0.00264 ( 1)
 277 S   0.63263 0.30666 0.04071 0.02000 ( 1)
 278 I   0.60087 0.33908 0.03816 0.02189 ( 1)
 279 V   0.75475 0.18537 0.04792 0.01196 ( 1)
 280 T   0.90564 0.03470 0.05743 0.00224 ( 1)
 281 P   0.89510 0.04262 0.05943 0.00285 ( 1)
 282 T   0.64851 0.29091 0.04164 0.01894 ( 1)
 283 L   0.83427 0.10513 0.05374 0.00686 ( 1)
 284 N   0.90630 0.03299 0.05855 0.00216 ( 1)
 285 P   0.88774 0.04984 0.05907 0.00334 ( 1)


lnL = -2253.220553

Bayes Empirical Bayes (BEB) probabilities for 4 classes (class)
(amino acids refer to 1st sequence: ENSPPYP00000018312_Pabe)

   1 M   0.19321 0.63197 0.04053 0.13429 ( 2)
   2 I   0.24999 0.57735 0.05152 0.12114 ( 2)
   3 N   0.80566 0.02404 0.16527 0.00503 ( 1)
   4 D   0.66161 0.16612 0.13731 0.03496 ( 1)
   5 S   0.81210 0.01713 0.16717 0.00360 ( 1)
   6 Y   0.64193 0.18684 0.13213 0.03910 ( 1)
   7 F   0.69680 0.13021 0.14548 0.02751 ( 1)
   8 G   0.31684 0.51077 0.06527 0.10712 ( 2)
   9 W   0.12912 0.69746 0.02672 0.14671 ( 2)
  10 L   0.72923 0.10201 0.14768 0.02109 ( 1)
  11 M   0.74282 0.08848 0.15041 0.01829 ( 1)
  12 L   0.77462 0.05061 0.16394 0.01083 ( 1)
  13 L   0.79437 0.03578 0.16237 0.00748 ( 1)
  14 G   0.79071 0.03596 0.16569 0.00764 ( 1)
  15 F   0.80067 0.02953 0.16364 0.00617 ( 1)
  16 P   0.71364 0.11526 0.14699 0.02411 ( 1)
  17 G   0.21063 0.61638 0.04350 0.12950 ( 2)
  18 K   0.34448 0.48317 0.07099 0.10136 ( 2)
  19 P   0.79609 0.03019 0.16729 0.00643 ( 1)
  20 Q   0.62240 0.20480 0.12958 0.04322 ( 1)
  21 L   0.67582 0.15625 0.13579 0.03214 ( 1)
  22 E   0.79638 0.03004 0.16719 0.00639 ( 1)
  23 M   0.81649 0.01597 0.16424 0.00330 ( 1)
  24 I   0.78615 0.04397 0.16069 0.00919 ( 1)
  25 I   0.54805 0.27699 0.11582 0.05913 ( 1)
  26 S   0.79222 0.03365 0.16695 0.00718 ( 1)
  27 G   0.77959 0.04568 0.16495 0.00977 ( 1)
  28 V   0.79671 0.03412 0.16207 0.00710 ( 1)
  29 V   0.79440 0.03507 0.16318 0.00735 ( 1)
  30 F   0.34999 0.47739 0.07230 0.10033 ( 2)
  31 F   0.29668 0.53240 0.06031 0.11061 ( 2)
  32 F   0.80067 0.02953 0.16364 0.00617 ( 1)
  33 C   0.68911 0.13779 0.14398 0.02912 ( 1)
  34 A   0.26673 0.55972 0.05542 0.11813 ( 2)
  35 I   0.78836 0.04305 0.15965 0.00894 ( 1)
  36 S   0.59787 0.22911 0.12461 0.04841 ( 1)
  37 L   0.78786 0.03936 0.16444 0.00834 ( 1)
  38 M   0.71104 0.11618 0.14825 0.02452 ( 1)
  39 G   0.79436 0.03314 0.16548 0.00701 ( 1)
  40 N   0.80320 0.02548 0.16596 0.00536 ( 1)
  41 M   0.64071 0.18632 0.13361 0.03935 ( 1)
  42 V   0.16044 0.19808 0.54042 0.10105 ( 3)
  43 I   0.78677 0.04335 0.16082 0.00906 ( 1)
  44 I   0.78963 0.04178 0.15991 0.00867 ( 1)
  45 L   0.78577 0.04437 0.16060 0.00927 ( 1)
  46 L   0.24129 0.58462 0.05034 0.12375 ( 2)
  47 P   0.67145 0.15737 0.13824 0.03293 ( 1)
  48 L   0.75175 0.07708 0.15497 0.01620 ( 1)
  49 L   0.76512 0.06009 0.16192 0.01286 ( 1)
  50 D   0.80943 0.01941 0.16708 0.00408 ( 1)
  51 K   0.11409 0.71285 0.02352 0.14954 ( 2)
  52 H   0.67074 0.15477 0.14154 0.03296 ( 1)
  53 L   0.79489 0.03527 0.16248 0.00737 ( 1)
  54 Q   0.68452 0.14369 0.14163 0.03016 ( 1)
  55 T   0.64775 0.17930 0.13508 0.03788 ( 1)
  56 P   0.79463 0.03165 0.16698 0.00674 ( 1)
  57 M   0.81649 0.01597 0.16424 0.00330 ( 1)
  58 Y   0.79937 0.02767 0.16709 0.00587 ( 1)
  59 F   0.80309 0.02833 0.16270 0.00588 ( 1)
  60 F   0.80085 0.02935 0.16367 0.00613 ( 1)
  61 L   0.79236 0.03654 0.16341 0.00768 ( 1)
  62 R   0.79954 0.02719 0.16749 0.00578 ( 1)
  63 N   0.80566 0.02404 0.16527 0.00503 ( 1)
  64 L   0.77314 0.05396 0.16146 0.01144 ( 1)
  65 A   0.65347 0.17532 0.13452 0.03669 ( 1)
  66 I   0.65284 0.17704 0.13328 0.03684 ( 1)
  67 L   0.76953 0.05584 0.16269 0.01194 ( 1)
  68 D   0.80943 0.01941 0.16708 0.00408 ( 1)
  69 L   0.77484 0.05053 0.16382 0.01081 ( 1)
  70 C   0.80725 0.02050 0.16791 0.00434 ( 1)
  71 Y   0.66366 0.16624 0.13551 0.03459 ( 1)
  72 T   0.79424 0.03300 0.16577 0.00699 ( 1)
  73 T   0.79761 0.03139 0.16440 0.00660 ( 1)
  74 N   0.71731 0.11076 0.14865 0.02327 ( 1)
  75 I   0.78686 0.04327 0.16083 0.00904 ( 1)
  76 V   0.70660 0.12336 0.14437 0.02567 ( 1)
  77 P   0.80056 0.02818 0.16533 0.00593 ( 1)
  78 Q   0.78617 0.03944 0.16597 0.00842 ( 1)
  79 M   0.81649 0.01597 0.16424 0.00330 ( 1)
  80 L   0.77077 0.05445 0.16313 0.01165 ( 1)
  81 V   0.79440 0.03507 0.16318 0.00735 ( 1)
  82 N   0.68158 0.14689 0.14072 0.03081 ( 1)
  83 A   0.21904 0.60743 0.04546 0.12808 ( 2)
  84 W   0.78055 0.04463 0.16527 0.00955 ( 1)
  85 G   0.79004 0.03524 0.16718 0.00754 ( 1)
  86 K   0.13253 0.69506 0.02717 0.14524 ( 2)
  87 D   0.80666 0.02217 0.16650 0.00466 ( 1)
  88 K   0.80041 0.02687 0.16703 0.00569 ( 1)
  89 K   0.52534 0.30317 0.10802 0.06347 ( 1)
  90 I   0.78599 0.04413 0.16065 0.00922 ( 1)
  91 T   0.65175 0.17622 0.13499 0.03704 ( 1)
  92 F   0.66421 0.16352 0.13784 0.03442 ( 1)
  93 G   0.60900 0.21808 0.12685 0.04606 ( 1)
  94 G   0.80109 0.02643 0.16689 0.00559 ( 1)
  95 Y   0.70692 0.12069 0.14698 0.02542 ( 1)
  96 A   0.49086 0.33863 0.10007 0.07044 ( 1)
  97 F   0.65827 0.17158 0.13443 0.03572 ( 1)
  98 Q   0.78746 0.03826 0.16611 0.00817 ( 1)
  99 L   0.79236 0.03654 0.16341 0.00768 ( 1)
 100 F   0.66117 0.16656 0.13721 0.03506 ( 1)
 101 T   0.51689 0.31328 0.10489 0.06493 ( 1)
 102 N   0.64991 0.17694 0.13573 0.03742 ( 1)
 103 V   0.73012 0.10209 0.14679 0.02100 ( 1)
 104 T   0.17980 0.64492 0.03786 0.13742 ( 2)
 105 L   0.77406 0.05314 0.16154 0.01126 ( 1)
 106 C   0.62674 0.19973 0.13121 0.04232 ( 1)
 107 T   0.56927 0.25639 0.11978 0.05456 ( 1)
 108 V   0.57330 0.25701 0.11638 0.05332 ( 1)
 109 E   0.79405 0.03237 0.16669 0.00689 ( 1)
 110 F   0.64777 0.17895 0.13541 0.03787 ( 1)
 111 M   0.55963 0.27002 0.11416 0.05619 ( 1)
 112 L   0.79234 0.03656 0.16341 0.00769 ( 1)
 113 L   0.76512 0.06009 0.16192 0.01286 ( 1)
 114 A   0.80988 0.01930 0.16677 0.00405 ( 1)
 115 V   0.79676 0.03406 0.16209 0.00709 ( 1)
 116 M   0.81649 0.01597 0.16424 0.00330 ( 1)
 117 S   0.79488 0.03309 0.16504 0.00699 ( 1)
 118 Y   0.80266 0.02529 0.16671 0.00534 ( 1)
 119 D   0.80666 0.02217 0.16650 0.00466 ( 1)
 120 P   0.57797 0.24895 0.12047 0.05261 ( 1)
 121 F   0.80309 0.02833 0.16270 0.00588 ( 1)
 122 N   0.56851 0.25842 0.11846 0.05460 ( 1)
 123 A   0.80988 0.01930 0.16677 0.00405 ( 1)
 124 V   0.37025 0.45859 0.07559 0.09556 ( 2)
 125 C   0.80320 0.02455 0.16706 0.00519 ( 1)
 126 K   0.80041 0.02687 0.16703 0.00569 ( 1)
 127 P   0.80552 0.02220 0.16758 0.00470 ( 1)
 128 L   0.77558 0.05162 0.16186 0.01094 ( 1)
 129 D   0.64829 0.17986 0.13408 0.03777 ( 1)
 130 C   0.70771 0.12009 0.14694 0.02526 ( 1)
 131 M   0.48362 0.34700 0.09767 0.07170 ( 1)
 132 T   0.42924 0.39782 0.08908 0.08385 ( 1)
 133 I   0.58094 0.24811 0.11910 0.05184 ( 1)
 134 M   0.81649 0.01597 0.16424 0.00330 ( 1)
 135 N   0.80298 0.02570 0.16591 0.00541 ( 1)
 136 P   0.79463 0.03165 0.16698 0.00674 ( 1)
 137 Q   0.68452 0.14369 0.14163 0.03016 ( 1)
 138 L   0.77484 0.05053 0.16382 0.01081 ( 1)
 139 C   0.80733 0.02043 0.16793 0.00432 ( 1)
 140 Q   0.54501 0.28017 0.11505 0.05977 ( 1)
 141 G   0.15086 0.67555 0.03128 0.14231 ( 2)
 142 L   0.67582 0.15625 0.13579 0.03214 ( 1)
 143 V   0.68372 0.14743 0.13837 0.03048 ( 1)
 144 A   0.13801 0.69074 0.02800 0.14325 ( 2)
 145 M   0.73448 0.09775 0.14765 0.02012 ( 1)
 146 T   0.04253 0.50619 0.15971 0.29157 ( 2)
 147 W   0.78055 0.04463 0.16527 0.00955 ( 1)
 148 L   0.18031 0.64775 0.03686 0.13508 ( 2)
 149 I   0.78836 0.04305 0.15965 0.00894 ( 1)
 150 G   0.72092 0.10814 0.14834 0.02260 ( 1)
 151 A   0.06872 0.75512 0.01452 0.16164 ( 2)
 152 T   0.69751 0.13040 0.14467 0.02742 ( 1)
 153 N   0.80566 0.02404 0.16527 0.00503 ( 1)
 154 C   0.63152 0.19722 0.12997 0.04128 ( 1)
 155 M   0.64983 0.17756 0.13518 0.03743 ( 1)
 156 I   0.67272 0.15470 0.13996 0.03262 ( 1)
 157 L   0.76660 0.06050 0.16008 0.01283 ( 1)
 158 S   0.62625 0.20124 0.13011 0.04240 ( 1)
 159 P   0.59761 0.22936 0.12456 0.04847 ( 1)
 160 C   0.35878 0.46935 0.07367 0.09820 ( 2)
 161 S   0.65066 0.17929 0.13276 0.03730 ( 1)
 162 V   0.57961 0.24547 0.12253 0.05240 ( 1)
 163 S   0.73483 0.09473 0.15069 0.01975 ( 1)
 164 L   0.74653 0.08064 0.15575 0.01709 ( 1)
 165 P   0.80353 0.02419 0.16717 0.00512 ( 1)
 166 R   0.37893 0.44775 0.07877 0.09455 ( 2)
 167 C   0.80733 0.02043 0.16793 0.00432 ( 1)
 168 R   0.63331 0.19184 0.13391 0.04093 ( 1)
 169 D   0.71483 0.11370 0.14764 0.02383 ( 1)
 170 H   0.14100 0.24367 0.48759 0.12775 ( 3)
 171 H   0.04232 0.78624 0.00858 0.16286 ( 2)
 172 L   0.76512 0.06009 0.16192 0.01286 ( 1)
 173 D   0.80943 0.01941 0.16708 0.00408 ( 1)
 174 H   0.80406 0.02434 0.16646 0.00513 ( 1)
 175 Y   0.67188 0.15804 0.13720 0.03289 ( 1)
 176 F   0.69764 0.12946 0.14556 0.02734 ( 1)
 177 C   0.80733 0.02043 0.16793 0.00432 ( 1)
 178 E   0.79405 0.03237 0.16669 0.00689 ( 1)
 179 I   0.56560 0.26133 0.11786 0.05521 ( 1)
 180 S   0.65845 0.16769 0.13827 0.03559 ( 1)
 181 A   0.80263 0.02653 0.16526 0.00557 ( 1)
 182 M   0.64097 0.18415 0.13557 0.03931 ( 1)
 183 V   0.79440 0.03507 0.16318 0.00735 ( 1)
 184 K   0.79888 0.02840 0.16671 0.00602 ( 1)
 185 I   0.78580 0.04388 0.16113 0.00919 ( 1)
 186 A   0.80263 0.02653 0.16526 0.00557 ( 1)
 187 C   0.80733 0.02043 0.16793 0.00432 ( 1)
 188 V   0.78923 0.03835 0.16430 0.00811 ( 1)
 189 A   0.65529 0.17238 0.13604 0.03629 ( 1)
 190 T   0.80068 0.02833 0.16504 0.00595 ( 1)
 191 T   0.79387 0.03336 0.16569 0.00707 ( 1)
 192 V   0.42286 0.40388 0.08797 0.08528 ( 1)
 193 M   0.65295 0.17753 0.13270 0.03681 ( 1)
 194 E   0.79434 0.03223 0.16657 0.00685 ( 1)
 195 E   0.29813 0.53291 0.05959 0.10937 ( 2)
 196 T   0.64447 0.18430 0.13265 0.03858 ( 1)
 197 L   0.57203 0.25827 0.11613 0.05357 ( 1)
 198 I   0.65801 0.17188 0.13434 0.03577 ( 1)
 199 C   0.04065 0.78711 0.00830 0.16393 ( 2)
 200 F   0.69680 0.13021 0.14548 0.02751 ( 1)
 201 F   0.04753 0.77827 0.00989 0.16431 ( 2)
 202 F   0.66503 0.16607 0.13456 0.03434 ( 1)
 203 F   0.60872 0.22060 0.12465 0.04603 ( 1)
 204 I   0.78836 0.04305 0.15965 0.00894 ( 1)
 205 F   0.64499 0.18419 0.13235 0.03847 ( 1)
 206 L   0.79236 0.03654 0.16341 0.00768 ( 1)
 207 A   0.65841 0.16865 0.13732 0.03562 ( 1)
 208 S   0.66791 0.16060 0.13783 0.03366 ( 1)
 209 L   0.79236 0.03654 0.16341 0.00768 ( 1)
 210 L   0.64168 0.18813 0.13103 0.03916 ( 1)
 211 L   0.79489 0.03527 0.16248 0.00737 ( 1)
 212 I   0.78836 0.04305 0.15965 0.00894 ( 1)
 213 L   0.79437 0.03578 0.16237 0.00748 ( 1)
 214 V   0.65596 0.17346 0.13440 0.03618 ( 1)
 215 S   0.79493 0.03305 0.16505 0.00698 ( 1)
 216 Y   0.80266 0.02529 0.16671 0.00534 ( 1)
 217 G   0.80007 0.02661 0.16767 0.00566 ( 1)
 218 F   0.64822 0.17863 0.13538 0.03778 ( 1)
 219 I   0.78836 0.04305 0.15965 0.00894 ( 1)
 220 A   0.80510 0.02298 0.16707 0.00485 ( 1)
 221 V   0.28514 0.54159 0.05913 0.11414 ( 2)
 222 A   0.80988 0.01930 0.16677 0.00405 ( 1)
 223 V   0.78871 0.03862 0.16449 0.00818 ( 1)
 224 L   0.77462 0.05061 0.16394 0.01083 ( 1)
 225 K   0.66603 0.16055 0.13943 0.03400 ( 1)
 226 I   0.47279 0.35873 0.09476 0.07373 ( 1)
 227 K   0.80041 0.02687 0.16703 0.00569 ( 1)
 228 S   0.79222 0.03365 0.16695 0.00718 ( 1)
 229 A   0.26619 0.56052 0.05519 0.11811 ( 2)
 230 A   0.79569 0.03085 0.16690 0.00656 ( 1)
 231 G   0.63096 0.19697 0.13066 0.04141 ( 1)
 232 R   0.39506 0.43020 0.08312 0.09162 ( 2)
 233 Q   0.55686 0.26742 0.11839 0.05733 ( 1)
 234 K   0.80108 0.02637 0.16697 0.00558 ( 1)
 235 A   0.79569 0.03085 0.16690 0.00656 ( 1)
 236 F   0.14793 0.68271 0.02951 0.13986 ( 2)
 237 G   0.23404 0.59452 0.04770 0.12374 ( 2)
 238 T   0.80068 0.02833 0.16504 0.00595 ( 1)
 239 C   0.80733 0.02043 0.16793 0.00432 ( 1)
 240 F   0.15893 0.66586 0.03343 0.14178 ( 2)
 241 S   0.80409 0.02498 0.16569 0.00525 ( 1)
 242 H   0.80701 0.02141 0.16708 0.00451 ( 1)
 243 L   0.63710 0.19272 0.13006 0.04012 ( 1)
 244 I   0.71484 0.11525 0.14594 0.02397 ( 1)
 245 V   0.78923 0.03835 0.16430 0.00811 ( 1)
 246 V   0.78871 0.03862 0.16449 0.00818 ( 1)
 247 S   0.80636 0.02271 0.16616 0.00477 ( 1)
 248 I   0.60516 0.22415 0.12390 0.04678 ( 1)
 249 F   0.80067 0.02953 0.16364 0.00617 ( 1)
 250 Y   0.80266 0.02529 0.16671 0.00534 ( 1)
 251 G   0.77959 0.04568 0.16495 0.00977 ( 1)
 252 T   0.80314 0.02714 0.16405 0.00567 ( 1)
 253 V   0.71713 0.11410 0.14518 0.02359 ( 1)
 254 T   0.69100 0.13892 0.14117 0.02891 ( 1)
 255 Y   0.79937 0.02767 0.16709 0.00587 ( 1)
 256 M   0.73352 0.09871 0.14746 0.02031 ( 1)
 257 Y   0.79937 0.02767 0.16709 0.00587 ( 1)
 258 I   0.55069 0.27436 0.11638 0.05857 ( 1)
 259 Q   0.78429 0.04143 0.16544 0.00884 ( 1)
 260 P   0.79207 0.03421 0.16644 0.00728 ( 1)
 261 G   0.79436 0.03314 0.16548 0.00701 ( 1)
 262 N   0.80298 0.02570 0.16591 0.00541 ( 1)
 263 S   0.67245 0.15419 0.14072 0.03265 ( 1)
 264 P   0.60523 0.22357 0.12443 0.04677 ( 1)
 265 S   0.80223 0.02576 0.16658 0.00544 ( 1)
 266 Q   0.62240 0.20480 0.12958 0.04322 ( 1)
 267 D   0.80512 0.02277 0.16729 0.00481 ( 1)
 268 E   0.60783 0.21762 0.12819 0.04636 ( 1)
 269 G   0.67571 0.15083 0.14152 0.03194 ( 1)
 270 K   0.79888 0.02840 0.16671 0.00602 ( 1)
 271 F   0.80085 0.02935 0.16367 0.00613 ( 1)
 272 L   0.79230 0.03660 0.16340 0.00769 ( 1)
 273 H   0.24675 0.58126 0.05055 0.12144 ( 2)
 274 I   0.61960 0.20899 0.12762 0.04378 ( 1)
 275 F   0.80265 0.02877 0.16261 0.00597 ( 1)
 276 Y   0.79754 0.02950 0.16670 0.00626 ( 1)
 277 S   0.63405 0.19466 0.13054 0.04076 ( 1)
 278 I   0.60426 0.22545 0.12332 0.04697 ( 1)
 279 V   0.71204 0.11793 0.14549 0.02454 ( 1)
 280 T   0.80314 0.02714 0.16405 0.00567 ( 1)
 281 P   0.79463 0.03165 0.16698 0.00674 ( 1)
 282 T   0.64715 0.18177 0.13307 0.03801 ( 1)
 283 L   0.75158 0.07725 0.15494 0.01623 ( 1)
 284 N   0.80320 0.02548 0.16596 0.00536 ( 1)
 285 P   0.78960 0.03648 0.16614 0.00778 ( 1)

Ancestral reconstruction by CODONML.

((((ENSMMUP00000005849_Mmul: 0.030488, ENSPPYP00000018312_Pabe: 2.836511): 0.032445, ENSNLEP00000023049_Nleu: 0.040443): 0.010796, ENSPTRP00000030497_Ptro: 0.014501): 0.000004, ENSPPAP00000004528_Ppan: 0.007205, (ENSGGOP00000003473_Ggor: 0.007234, ENSP00000366380_Hsap: 0.014508): 0.003589);

((((6, 1), 4), 3), 2, (5, 7));

   8..9     9..10   10..11   11..6    11..1    10..4     9..3     8..2     8..12   12..5    12..7  

tree with node labels for Rod Page's TreeView
((((6_ENSMMUP00000005849_Mmul, 1_ENSPPYP00000018312_Pabe) 11 , 4_ENSNLEP00000023049_Nleu) 10 , 3_ENSPTRP00000030497_Ptro) 9 , 2_ENSPPAP00000004528_Ppan, (5_ENSGGOP00000003473_Ggor, 7_ENSP00000366380_Hsap) 12 ) 8 ;

Nodes 8 to 12 are ancestral

(1) Marginal reconstruction of ancestral sequences
(eqn. 4 in Yang et al. 1995 Genetics 141:1641-1650).

Prob of best state at each node, listed by site

   site   Freq   Data: 

   1      1   ATG (M) CAA (Q) CAA (Q) CAA (Q) CAA (Q) CAA (Q) CAA (Q) :  CAA Q 1.000 (Q 1.000) CAA Q 1.000 (Q 1.000) CAA Q 1.000 (Q 1.000) CAA Q 1.000 (Q 1.000) CAA Q 1.000 (Q 1.000)
   2      1   ATC (I) AGC (S) AGC (S) AGC (S) AGC (S) AGA (R) AGC (S) :  AGC S 1.000 (S 1.000) AGC S 1.000 (S 1.000) AGC S 0.999 (S 0.999) AGC S 0.589 (S 0.595) AGC S 1.000 (S 1.000)
   3      3   AAT (N) AAT (N) AAT (N) AAT (N) AAT (N) AAT (N) AAT (N) :  AAT N 1.000 (N 1.000) AAT N 1.000 (N 1.000) AAT N 1.000 (N 1.000) AAT N 1.000 (N 1.000) AAT N 1.000 (N 1.000)
   4      1   GAT (D) TAT (Y) TAT (Y) TAT (Y) TAT (Y) TAT (Y) TAT (Y) :  TAT Y 1.000 (Y 1.000) TAT Y 1.000 (Y 1.000) TAT Y 1.000 (Y 1.000) TAT Y 1.000 (Y 1.000) TAT Y 1.000 (Y 1.000)
   5      1   AGT (S) AGT (S) AGT (S) AGT (S) AGT (S) AGT (S) AGT (S) :  AGT S 1.000 (S 1.000) AGT S 1.000 (S 1.000) AGT S 1.000 (S 1.000) AGT S 1.000 (S 1.000) AGT S 1.000 (S 1.000)
   6      1   TAC (Y) TCT (S) TCT (S) TCT (S) TCT (S) TCT (S) TCT (S) :  TCT S 1.000 (S 1.000) TCT S 1.000 (S 1.000) TCT S 1.000 (S 1.000) TCT S 1.000 (S 1.000) TCT S 1.000 (S 1.000)
   7      2   TTT (F) TTA (L) TTA (L) TTA (L) TTA (L) TTA (L) TTA (L) :  TTA L 1.000 (L 1.000) TTA L 1.000 (L 1.000) TTA L 1.000 (L 1.000) TTA L 1.000 (L 1.000) TTA L 1.000 (L 1.000)
   8      1   GGT (G) CAT (H) CAT (H) CAT (H) CAT (H) CAT (H) CAT (H) :  CAT H 1.000 (H 1.000) CAT H 1.000 (H 1.000) CAT H 1.000 (H 1.000) CAT H 1.000 (H 1.000) CAT H 1.000 (H 1.000)
   9      1   TGG (W) CGT (R) GGT (G) GGT (G) GGT (G) GGT (G) GGT (G) :  GGT G 1.000 (G 1.000) GGT G 1.000 (G 1.000) GGT G 1.000 (G 1.000) GGT G 1.000 (G 1.000) GGT G 1.000 (G 1.000)
  10      1   CTT (L) TTT (F) TTT (F) TTT (F) TTT (F) TTT (F) TTT (F) :  TTT F 1.000 (F 1.000) TTT F 1.000 (F 1.000) TTT F 1.000 (F 1.000) TTT F 0.999 (F 1.000) TTT F 1.000 (F 1.000)
  11      1   ATG (M) ATT (I) ATT (I) ATT (I) ATT (I) ATT (I) ATT (I) :  ATT I 1.000 (I 1.000) ATT I 1.000 (I 1.000) ATT I 1.000 (I 1.000) ATT I 0.999 (I 1.000) ATT I 1.000 (I 1.000)
  12      2   CTC (L) CTG (L) CTG (L) CTG (L) CTG (L) CTG (L) CTG (L) :  CTG L 1.000 (L 1.000) CTG L 1.000 (L 1.000) CTG L 1.000 (L 1.000) CTG L 1.000 (L 1.000) CTG L 1.000 (L 1.000)
  13      2   CTT (L) CTT (L) CTT (L) CTT (L) CTT (L) CTT (L) CTT (L) :  CTT L 1.000 (L 1.000) CTT L 1.000 (L 1.000) CTT L 1.000 (L 1.000) CTT L 1.000 (L 1.000) CTT L 1.000 (L 1.000)
  14      1   GGG (G) GGC (G) GGC (G) GGC (G) GGC (G) GGC (G) GGC (G) :  GGC G 1.000 (G 1.000) GGC G 1.000 (G 1.000) GGC G 1.000 (G 1.000) GGC G 1.000 (G 1.000) GGC G 1.000 (G 1.000)
  15      3   TTC (F) TTC (F) TTC (F) TTC (F) TTC (F) TTC (F) TTC (F) :  TTC F 1.000 (F 1.000) TTC F 1.000 (F 1.000) TTC F 1.000 (F 1.000) TTC F 1.000 (F 1.000) TTC F 1.000 (F 1.000)
  16      1   CCT (P) TCT (S) TCT (S) TCT (S) TCT (S) TCT (S) TCT (S) :  TCT S 1.000 (S 1.000) TCT S 1.000 (S 1.000) TCT S 1.000 (S 1.000) TCT S 1.000 (S 1.000) TCT S 1.000 (S 1.000)
  17      1   GGG (G) GAC (D) GAC (D) GAC (D) GAC (D) GAC (D) AAC (N) :  GAC D 1.000 (D 1.000) GAC D 1.000 (D 1.000) GAC D 1.000 (D 1.000) GAC D 1.000 (D 1.000) GAC D 1.000 (D 1.000)
  18      1   AAG (K) CAT (H) CAT (H) CAT (H) CAT (H) CAT (H) CAT (H) :  CAT H 1.000 (H 1.000) CAT H 1.000 (H 1.000) CAT H 1.000 (H 1.000) CAT H 1.000 (H 1.000) CAT H 1.000 (H 1.000)
  19      1   CCT (P) CCA (P) CCA (P) CCA (P) CCA (P) CCA (P) CCA (P) :  CCA P 1.000 (P 1.000) CCA P 1.000 (P 1.000) CCA P 1.000 (P 1.000) CCA P 1.000 (P 1.000) CCA P 1.000 (P 1.000)
  20      2   CAG (Q) AAA (K) AAA (K) AAA (K) AAA (K) AAA (K) AAA (K) :  AAA K 1.000 (K 1.000) AAA K 1.000 (K 1.000) AAA K 1.000 (K 1.000) AAA K 1.000 (K 1.000) AAA K 1.000 (K 1.000)
  21      2   CTG (L) ATG (M) ATG (M) ATG (M) ATG (M) ATG (M) ATG (M) :  ATG M 1.000 (M 1.000) ATG M 1.000 (M 1.000) ATG M 1.000 (M 1.000) ATG M 1.000 (M 1.000) ATG M 1.000 (M 1.000)
  22      1   GAG (E) GAG (E) GAG (E) GAG (E) GAG (E) GAG (E) GAG (E) :  GAG E 1.000 (E 1.000) GAG E 1.000 (E 1.000) GAG E 1.000 (E 1.000) GAG E 1.000 (E 1.000) GAG E 1.000 (E 1.000)
  23      5   ATG (M) ATG (M) ATG (M) ATG (M) ATG (M) ATG (M) ATG (M) :  ATG M 1.000 (M 1.000) ATG M 1.000 (M 1.000) ATG M 1.000 (M 1.000) ATG M 1.000 (M 1.000) ATG M 1.000 (M 1.000)
  24      1   ATC (I) ATC (I) ATC (I) ATT (I) ATC (I) ATC (I) ATC (I) :  ATC I 1.000 (I 1.000) ATC I 1.000 (I 1.000) ATC I 0.987 (I 1.000) ATC I 0.993 (I 1.000) ATC I 1.000 (I 1.000)
  25      1   ATC (I) CTG (L) CTG (L) CTG (L) CTG (L) CTG (L) CTG (L) :  CTG L 1.000 (L 1.000) CTG L 1.000 (L 1.000) CTG L 1.000 (L 1.000) CTG L 1.000 (L 1.000) CTG L 1.000 (L 1.000)
  26      2   TCT (S) TCA (S) TCA (S) TCA (S) TCA (S) TCA (S) TCA (S) :  TCA S 1.000 (S 1.000) TCA S 1.000 (S 1.000) TCA S 1.000 (S 1.000) TCA S 1.000 (S 1.000) TCA S 1.000 (S 1.000)
  27      2   GGG (G) GGA (G) GGA (G) GGA (G) GGA (G) GGA (G) GGA (G) :  GGA G 1.000 (G 1.000) GGA G 1.000 (G 1.000) GGA G 1.000 (G 1.000) GGA G 1.000 (G 1.000) GGA G 1.000 (G 1.000)
  28      1   GTT (V) GTT (V) GTT (V) GTT (V) GTT (V) GTT (V) GTT (V) :  GTT V 1.000 (V 1.000) GTT V 1.000 (V 1.000) GTT V 1.000 (V 1.000) GTT V 1.000 (V 1.000) GTT V 1.000 (V 1.000)
  29      3   GTC (V) GTC (V) GTC (V) GTC (V) GTC (V) GTC (V) GTC (V) :  GTC V 1.000 (V 1.000) GTC V 1.000 (V 1.000) GTC V 1.000 (V 1.000) GTC V 1.000 (V 1.000) GTC V 1.000 (V 1.000)
  30      1   TTT (F) GCC (A) GCC (A) GCC (A) GCC (A) GCC (A) GCC (A) :  GCC A 1.000 (A 1.000) GCC A 1.000 (A 1.000) GCC A 1.000 (A 1.000) GCC A 1.000 (A 1.000) GCC A 1.000 (A 1.000)
  31      1   TTC (F) ATC (I) ATC (I) ATC (I) ATC (I) GTC (V) ATC (I) :  ATC I 1.000 (I 1.000) ATC I 1.000 (I 1.000) ATC I 0.995 (I 0.995) GTC V 0.526 (V 0.527) ATC I 1.000 (I 1.000)
  32      3   TTC (F) TTC (F) TTC (F) TTC (F) TTC (F) TTC (F) TTC (F) :  TTC F 1.000 (F 1.000) TTC F 1.000 (F 1.000) TTC F 1.000 (F 1.000) TTC F 1.000 (F 1.000) TTC F 1.000 (F 1.000)
  33      1   TGT (C) TAC (Y) TAC (Y) TAC (Y) TAC (Y) TAC (Y) TAC (Y) :  TAC Y 1.000 (Y 1.000) TAC Y 1.000 (Y 1.000) TAC Y 1.000 (Y 1.000) TAC Y 1.000 (Y 1.000) TAC Y 1.000 (Y 1.000)
  34      1   GCA (A) TTA (L) TTA (L) TTA (L) TTA (L) TTA (L) TTA (L) :  TTA L 1.000 (L 1.000) TTA L 1.000 (L 1.000) TTA L 1.000 (L 1.000) TTA L 1.000 (L 1.000) TTA L 1.000 (L 1.000)
  35      5   ATT (I) ATT (I) ATT (I) ATT (I) ATT (I) ATT (I) ATT (I) :  ATT I 1.000 (I 1.000) ATT I 1.000 (I 1.000) ATT I 1.000 (I 1.000) ATT I 0.999 (I 1.000) ATT I 1.000 (I 1.000)
  36      1   TCC (S) ACA (T) ACA (T) ACA (T) ACA (T) ACA (T) ACA (T) :  ACA T 1.000 (T 1.000) ACA T 1.000 (T 1.000) ACA T 1.000 (T 1.000) ACA T 1.000 (T 1.000) ACA T 1.000 (T 1.000)
  37      1   TTG (L) TTG (L) TTG (L) TTG (L) TTG (L) TTG (L) TTG (L) :  TTG L 1.000 (L 1.000) TTG L 1.000 (L 1.000) TTG L 1.000 (L 1.000) TTG L 1.000 (L 1.000) TTG L 1.000 (L 1.000)
  38      1   ATG (M) GTG (V) GTG (V) GTG (V) GTG (V) GTG (V) GTG (V) :  GTG V 1.000 (V 1.000) GTG V 1.000 (V 1.000) GTG V 1.000 (V 1.000) GTG V 1.000 (V 1.000) GTG V 1.000 (V 1.000)
  39      2   GGA (G) GGT (G) GGT (G) GGT (G) GGT (G) GGT (G) GGT (G) :  GGT G 1.000 (G 1.000) GGT G 1.000 (G 1.000) GGT G 1.000 (G 1.000) GGT G 1.000 (G 1.000) GGT G 1.000 (G 1.000)
  40      2   AAT (N) AAC (N) AAC (N) AAC (N) AAC (N) AAC (N) AAC (N) :  AAC N 1.000 (N 1.000) AAC N 1.000 (N 1.000) AAC N 1.000 (N 1.000) AAC N 1.000 (N 1.000) AAC N 1.000 (N 1.000)
  41      1   ATG (M) ACA (T) ACA (T) ACA (T) ACA (T) ACA (T) ACA (T) :  ACA T 1.000 (T 1.000) ACA T 1.000 (T 1.000) ACA T 1.000 (T 1.000) ACA T 1.000 (T 1.000) ACA T 1.000 (T 1.000)
  42      1   GTC (V) GCC (A) GTC (V) GCC (A) GCC (A) GCC (A) GCC (A) :  GCC A 1.000 (A 1.000) GCC A 1.000 (A 1.000) GCC A 1.000 (A 1.000) GCC A 1.000 (A 1.000) GCC A 1.000 (A 1.000)
  43      1   ATT (I) ATC (I) ATC (I) ATC (I) ATC (I) ATC (I) ATC (I) :  ATC I 1.000 (I 1.000) ATC I 1.000 (I 1.000) ATC I 1.000 (I 1.000) ATC I 0.999 (I 1.000) ATC I 1.000 (I 1.000)
  44      1   ATC (I) ATT (I) ATT (I) ATT (I) ATT (I) ATT (I) ATT (I) :  ATT I 1.000 (I 1.000) ATT I 1.000 (I 1.000) ATT I 1.000 (I 1.000) ATT I 0.999 (I 1.000) ATT I 1.000 (I 1.000)
  45      1   CTG (L) CTT (L) CTT (L) CTT (L) CTT (L) CTC (L) CTT (L) :  CTT L 1.000 (L 1.000) CTT L 1.000 (L 1.000) CTT L 0.996 (L 1.000) CTC L 0.521 (L 1.000) CTT L 1.000 (L 1.000)
  46      1   CTG (L) GCA (A) GCA (A) GCA (A) GCA (A) GCA (A) GCA (A) :  GCA A 1.000 (A 1.000) GCA A 1.000 (A 1.000) GCA A 1.000 (A 1.000) GCA A 1.000 (A 1.000) GCA A 1.000 (A 1.000)
  47      1   CCA (P) TCT (S) TCT (S) TCT (S) TCT (S) TCT (S) TCT (S) :  TCT S 1.000 (S 1.000) TCT S 1.000 (S 1.000) TCT S 1.000 (S 1.000) TCT S 1.000 (S 1.000) TCT S 1.000 (S 1.000)
  48      1   TTA (L) CTC (L) CTC (L) CTC (L) CTC (L) CTC (L) CTC (L) :  CTC L 1.000 (L 1.000) CTC L 1.000 (L 1.000) CTC L 1.000 (L 1.000) CTC L 1.000 (L 1.000) CTC L 1.000 (L 1.000)
  49      3   CTG (L) CTG (L) CTG (L) CTG (L) CTG (L) CTG (L) CTG (L) :  CTG L 1.000 (L 1.000) CTG L 1.000 (L 1.000) CTG L 1.000 (L 1.000) CTG L 1.000 (L 1.000) CTG L 1.000 (L 1.000)
  50      3   GAT (D) GAT (D) GAT (D) GAT (D) GAT (D) GAT (D) GAT (D) :  GAT D 1.000 (D 1.000) GAT D 1.000 (D 1.000) GAT D 1.000 (D 1.000) GAT D 1.000 (D 1.000) GAT D 1.000 (D 1.000)
  51      1   AAA (K) TCC (S) TCC (S) TCC (S) TCC (S) TCC (S) TCC (S) :  TCC S 1.000 (S 1.000) TCC S 1.000 (S 1.000) TCC S 1.000 (S 1.000) TCC S 1.000 (S 1.000) TCC S 1.000 (S 1.000)
  52      1   CAT (H) CAG (Q) CAG (Q) CAG (Q) CAG (Q) CAG (Q) CAG (Q) :  CAG Q 1.000 (Q 1.000) CAG Q 1.000 (Q 1.000) CAG Q 1.000 (Q 1.000) CAG Q 1.000 (Q 1.000) CAG Q 1.000 (Q 1.000)
  53      2   CTC (L) CTT (L) CTT (L) CTT (L) CTT (L) CTT (L) CTT (L) :  CTT L 1.000 (L 1.000) CTT L 1.000 (L 1.000) CTT L 1.000 (L 1.000) CTT L 1.000 (L 1.000) CTT L 1.000 (L 1.000)
  54      2   CAA (Q) CAT (H) CAT (H) CAT (H) CAT (H) CAT (H) CAT (H) :  CAT H 1.000 (H 1.000) CAT H 1.000 (H 1.000) CAT H 1.000 (H 1.000) CAT H 1.000 (H 1.000) CAT H 1.000 (H 1.000)
  55      1   ACC (T) ACA (T) ACA (T) ATA (I) ACA (T) ACA (T) ACA (T) :  ACA T 1.000 (T 1.000) ACA T 1.000 (T 1.000) ACA T 0.999 (T 0.999) ACA T 0.999 (T 0.999) ACA T 1.000 (T 1.000)
  56      3   CCC (P) CCA (P) CCA (P) CCA (P) CCA (P) CCA (P) CCA (P) :  CCA P 1.000 (P 1.000) CCA P 1.000 (P 1.000) CCA P 1.000 (P 1.000) CCA P 1.000 (P 1.000) CCA P 1.000 (P 1.000)
  57      5   ATG (M) ATG (M) ATG (M) ATG (M) ATG (M) ATG (M) ATG (M) :  ATG M 1.000 (M 1.000) ATG M 1.000 (M 1.000) ATG M 1.000 (M 1.000) ATG M 1.000 (M 1.000) ATG M 1.000 (M 1.000)
  58      3   TAT (Y) TAC (Y) TAC (Y) TAC (Y) TAC (Y) TAC (Y) TAC (Y) :  TAC Y 1.000 (Y 1.000) TAC Y 1.000 (Y 1.000) TAC Y 1.000 (Y 1.000) TAC Y 1.000 (Y 1.000) TAC Y 1.000 (Y 1.000)
  59      2   TTC (F) TTT (F) TTT (F) TTT (F) TTT (F) TTT (F) TTT (F) :  TTT F 1.000 (F 1.000) TTT F 1.000 (F 1.000) TTT F 1.000 (F 1.000) TTT F 1.000 (F 1.000) TTT F 1.000 (F 1.000)
  60      2   TTT (F) TTC (F) TTC (F) TTC (F) TTC (F) TTC (F) TTC (F) :  TTC F 1.000 (F 1.000) TTC F 1.000 (F 1.000) TTC F 1.000 (F 1.000) TTC F 1.000 (F 1.000) TTC F 1.000 (F 1.000)
  61      4   CTT (L) CTC (L) CTC (L) CTC (L) CTC (L) CTC (L) CTC (L) :  CTC L 1.000 (L 1.000) CTC L 1.000 (L 1.000) CTC L 1.000 (L 1.000) CTC L 1.000 (L 1.000) CTC L 1.000 (L 1.000)
  62      1   AGA (R) AGA (R) AGA (R) AGA (R) AGA (R) AGA (R) AGA (R) :  AGA R 1.000 (R 1.000) AGA R 1.000 (R 1.000) AGA R 1.000 (R 1.000) AGA R 1.000 (R 1.000) AGA R 1.000 (R 1.000)
  63      3   AAT (N) AAT (N) AAT (N) AAT (N) AAT (N) AAT (N) AAT (N) :  AAT N 1.000 (N 1.000) AAT N 1.000 (N 1.000) AAT N 1.000 (N 1.000) AAT N 1.000 (N 1.000) AAT N 1.000 (N 1.000)
  64      1   CTG (L) TTA (L) TTA (L) TTA (L) TTA (L) TTA (L) TTA (L) :  TTA L 1.000 (L 1.000) TTA L 1.000 (L 1.000) TTA L 1.000 (L 1.000) TTA L 1.000 (L 1.000) TTA L 1.000 (L 1.000)
  65      1   GCT (A) TCT (S) TCT (S) TCT (S) TCT (S) TCT (S) TCT (S) :  TCT S 1.000 (S 1.000) TCT S 1.000 (S 1.000) TCT S 1.000 (S 1.000) TCT S 1.000 (S 1.000) TCT S 1.000 (S 1.000)
  66      1   ATC (I) TTC (F) TTC (F) TTC (F) TTC (F) TTC (F) TTC (F) :  TTC F 1.000 (F 1.000) TTC F 1.000 (F 1.000) TTC F 1.000 (F 1.000) TTC F 0.999 (F 1.000) TTC F 1.000 (F 1.000)
