Supplemental results for CODEML (seqf: Chimpanzee_OR2W1_orthologues_alt.phy  treef: chimpanzee_or2w1_orthologues_alt.trees)


TREE #  1


MLEs of dN/dS (w) for site classes (K=4)

site class             0        1       2a       2b
proportion       0.38584  0.10339  0.40283  0.10794
background w     0.09850  1.00000  0.09850  1.00000
foreground w     0.09850  1.00000  2.12916  2.12916

Naive Empirical Bayes (NEB) probabilities for 4 classes
(amino acids refer to 1st sequence: ENSVPAP00000007769_Vpac)

   1 M   0.48624 0.00979 0.49390 0.01007 ( 3)
   2 D   0.29086 0.20156 0.29896 0.20861 ( 3)
   3 L   0.21320 0.27747 0.22088 0.28845 ( 4)
   4 R   0.00401 0.48749 0.00412 0.50438 ( 4)
   5 N   0.47296 0.02091 0.48454 0.02160 ( 3)
   6 Y   0.27714 0.21492 0.28530 0.22263 ( 3)
   7 T   0.33554 0.15752 0.34412 0.16283 ( 3)
   8 L   0.18410 0.30825 0.18891 0.31875 ( 4)
   9 L   0.43829 0.05347 0.45275 0.05549 ( 3)
  10 Q   0.29435 0.19804 0.30262 0.20500 ( 3)
  11 G   0.45656 0.03589 0.47036 0.03719 ( 3)
  12 F   0.47921 0.01556 0.48919 0.01604 ( 3)
  13 I   0.37308 0.12141 0.38040 0.12511 ( 3)
  14 L   0.43390 0.05701 0.44980 0.05929 ( 3)
  15 L   0.47437 0.01972 0.48556 0.02036 ( 3)
  16 G   0.45586 0.03628 0.47025 0.03762 ( 3)
  17 F   0.47610 0.01819 0.48694 0.01877 ( 3)
  18 S   0.46983 0.02363 0.48211 0.02444 ( 3)
  19 D   0.30977 0.18226 0.31907 0.18890 ( 3)
  20 H   0.30309 0.18933 0.31161 0.19598 ( 3)
  21 P   0.46097 0.03066 0.47653 0.03184 ( 3)
  22 K   0.45761 0.03474 0.47163 0.03601 ( 3)
  23 L   0.25089 0.24370 0.25484 0.25058 ( 3)
  24 E   0.45217 0.03979 0.46676 0.04128 ( 3)
  25 M   0.40657 0.08897 0.41297 0.09148 ( 3)
  26 V   0.27555 0.21801 0.28154 0.22490 ( 3)
  27 L   0.43434 0.05658 0.45025 0.05883 ( 3)
  28 S   0.44276 0.04864 0.45807 0.05053 ( 3)
  29 A   0.21184 0.27880 0.21951 0.28985 ( 4)
  30 V   0.37077 0.12347 0.37846 0.12730 ( 3)
  31 V   0.47555 0.01868 0.48648 0.01929 ( 3)
  32 T   0.34356 0.14920 0.35287 0.15437 ( 3)
  33 L   0.08287 0.40975 0.08467 0.42271 ( 4)
  34 F   0.47629 0.01800 0.48713 0.01858 ( 3)
  35 Y   0.45667 0.03562 0.47077 0.03693 ( 3)
  36 L   0.00549 0.48523 0.00567 0.50361 ( 4)
  37 I   0.47978 0.01528 0.48920 0.01574 ( 3)
  38 T   0.46070 0.03168 0.47478 0.03284 ( 3)
  39 L   0.24584 0.24560 0.25376 0.25480 ( 4)
  40 A   0.29280 0.19933 0.30140 0.20647 ( 3)
  41 G   0.45679 0.03566 0.47060 0.03695 ( 3)
  42 N   0.46953 0.02393 0.48180 0.02474 ( 3)
  43 T   0.46057 0.03181 0.47464 0.03297 ( 3)
  44 A   0.04015 0.02215 0.88919 0.04851 ( 3)
  45 I   0.47668 0.01785 0.48706 0.01841 ( 3)
  46 I   0.47952 0.01553 0.48894 0.01601 ( 3)
  47 L   0.33099 0.16246 0.33880 0.16776 ( 3)
  48 A   0.45063 0.04123 0.46536 0.04278 ( 3)
  49 S   0.46869 0.02477 0.48094 0.02561 ( 3)
  50 L   0.32926 0.16377 0.33768 0.16929 ( 3)
  51 L   0.43297 0.05794 0.44884 0.06025 ( 3)
  52 D   0.46958 0.02384 0.48193 0.02465 ( 3)
  53 P   0.29910 0.19335 0.30744 0.20012 ( 3)
  54 H   0.00049 0.48985 0.00050 0.50917 ( 4)
  55 L   0.46930 0.02476 0.48037 0.02557 ( 3)
  56 H   0.46225 0.03071 0.47524 0.03179 ( 3)
  57 T   0.27837 0.21347 0.28688 0.22127 ( 3)
  58 P   0.44667 0.04494 0.46174 0.04666 ( 3)
  59 M   0.48624 0.00979 0.49390 0.01007 ( 3)
  60 Y   0.45934 0.03297 0.47352 0.03418 ( 3)
  61 F   0.47876 0.01601 0.48873 0.01650 ( 3)
  62 F   0.47610 0.01819 0.48694 0.01877 ( 3)
  63 L   0.47043 0.02316 0.48246 0.02394 ( 3)
  64 R   0.24785 0.24356 0.25588 0.25271 ( 3)
  65 N   0.47296 0.02091 0.48454 0.02160 ( 3)
  66 L   0.44645 0.04533 0.46118 0.04705 ( 3)
  67 S   0.46959 0.02387 0.48186 0.02468 ( 3)
  68 F   0.47610 0.01819 0.48694 0.01877 ( 3)
  69 L   0.43884 0.05201 0.45505 0.05410 ( 3)
  70 D   0.46958 0.02384 0.48193 0.02465 ( 3)
  71 L   0.43185 0.05900 0.44780 0.06136 ( 3)
  72 C   0.45818 0.03431 0.47196 0.03555 ( 3)
  73 F   0.47610 0.01819 0.48694 0.01877 ( 3)
  74 T   0.45768 0.03470 0.47166 0.03596 ( 3)
  75 T   0.47438 0.01962 0.48574 0.02027 ( 3)
  76 S   0.46759 0.02561 0.48031 0.02650 ( 3)
  77 I   0.47668 0.01785 0.48706 0.01841 ( 3)
  78 I   0.35776 0.13619 0.36555 0.14050 ( 3)
  79 P   0.46764 0.02560 0.48028 0.02648 ( 3)
  80 Q   0.43769 0.05343 0.45335 0.05553 ( 3)
  81 M   0.48624 0.00979 0.49390 0.01007 ( 3)
  82 L   0.43506 0.05586 0.45100 0.05809 ( 3)
  83 V   0.47828 0.01596 0.48928 0.01647 ( 3)
  84 N   0.32271 0.17016 0.33115 0.17597 ( 3)
  85 L   0.45204 0.03993 0.46660 0.04142 ( 3)
  86 W   0.43069 0.06008 0.44672 0.06250 ( 3)
  87 G   0.43576 0.05526 0.45153 0.05746 ( 3)
  88 P   0.46788 0.02536 0.48052 0.02623 ( 3)
  89 D   0.06150 0.43034 0.06312 0.44503 ( 4)
  90 K   0.45878 0.03367 0.47266 0.03489 ( 3)
  91 T   0.47412 0.01988 0.48547 0.02053 ( 3)
  92 I   0.47583 0.01870 0.48619 0.01929 ( 3)
  93 S   0.46759 0.02561 0.48031 0.02650 ( 3)
  94 Y   0.46100 0.03164 0.47458 0.03278 ( 3)
  95 V   0.20036 0.29147 0.20624 0.30192 ( 4)
  96 G   0.45601 0.03643 0.46980 0.03776 ( 3)
  97 C   0.45966 0.03283 0.47349 0.03402 ( 3)
  98 V   0.08504 0.40758 0.08689 0.42048 ( 4)
  99 I   0.37159 0.12244 0.37967 0.12631 ( 3)
 100 Q   0.43648 0.05458 0.45220 0.05673 ( 3)
 101 L   0.47043 0.02316 0.48246 0.02394 ( 3)
 102 Y   0.46100 0.03164 0.47458 0.03278 ( 3)
 103 V   0.11392 0.37901 0.11629 0.39078 ( 4)
 104 Y   0.45933 0.03297 0.47351 0.03418 ( 3)
 105 M   0.48624 0.00979 0.49390 0.01007 ( 3)
 106 W   0.43069 0.06008 0.44672 0.06250 ( 3)
 107 F   0.25745 0.23402 0.26575 0.24278 ( 3)
 108 G   0.45586 0.03628 0.47025 0.03762 ( 3)
 109 S   0.27729 0.21377 0.28688 0.22206 ( 3)
 110 T   0.00562 0.48676 0.00574 0.50188 ( 4)
 111 E   0.45167 0.04028 0.46625 0.04179 ( 3)
 112 C   0.45619 0.03599 0.47051 0.03732 ( 3)
 113 L   0.47397 0.02011 0.48516 0.02076 ( 3)
 114 L   0.47043 0.02316 0.48246 0.02394 ( 3)
 115 L   0.44088 0.05004 0.45704 0.05204 ( 3)
 116 A   0.47183 0.02183 0.48377 0.02257 ( 3)
 117 V   0.47921 0.01558 0.48915 0.01606 ( 3)
 118 M   0.48624 0.00979 0.49390 0.01007 ( 3)
 119 S   0.46604 0.02699 0.47903 0.02794 ( 3)
 120 Y   0.46100 0.03164 0.47458 0.03278 ( 3)
 121 D   0.46958 0.02384 0.48193 0.02465 ( 3)
 122 R   0.45257 0.03959 0.46679 0.04106 ( 3)
 123 F   0.47879 0.01598 0.48876 0.01648 ( 3)
 124 T   0.45994 0.03244 0.47400 0.03362 ( 3)
 125 A   0.46977 0.02389 0.48166 0.02469 ( 3)
 126 I   0.35700 0.13673 0.36512 0.14115 ( 3)
 127 C   0.45966 0.03283 0.47349 0.03402 ( 3)
 128 K   0.45837 0.03408 0.47224 0.03532 ( 3)
 129 P   0.46401 0.02882 0.47732 0.02985 ( 3)
 130 L   0.45204 0.03993 0.46660 0.04142 ( 3)
 131 H   0.46506 0.02791 0.47814 0.02889 ( 3)
 132 Y   0.46053 0.03211 0.47409 0.03327 ( 3)
 133 L   0.26790 0.22581 0.27347 0.23282 ( 3)
 134 V   0.29257 0.19945 0.30132 0.20666 ( 3)
 135 I   0.30421 0.18693 0.31506 0.19379 ( 3)
 136 M   0.48624 0.00979 0.49390 0.01007 ( 3)
 137 N   0.46970 0.02376 0.48197 0.02457 ( 3)
 138 P   0.24042 0.25072 0.24853 0.26032 ( 4)
 139 H   0.46506 0.02791 0.47814 0.02889 ( 3)
 140 L   0.24591 0.24464 0.25499 0.25445 ( 3)
 141 C   0.45940 0.03309 0.47322 0.03429 ( 3)
 142 F   0.06519 0.42509 0.06760 0.44213 ( 4)
 143 K   0.45837 0.03408 0.47224 0.03532 ( 3)
 144 M   0.13704 0.35685 0.13920 0.36692 ( 4)
 145 T   0.10250 0.39056 0.10451 0.40244 ( 4)
 146 T   0.09344 0.39916 0.09548 0.41192 ( 4)
 147 M   0.30882 0.18612 0.31368 0.19138 ( 3)
 148 V   0.02749 0.11546 0.60497 0.25208 ( 3)
 149 W   0.43069 0.06008 0.44672 0.06250 ( 3)
 150 S   0.47012 0.02348 0.48213 0.02427 ( 3)
 151 I   0.47955 0.01551 0.48897 0.01598 ( 3)
 152 S   0.47139 0.02221 0.48344 0.02296 ( 3)
 153 L   0.26953 0.22129 0.27913 0.23005 ( 3)
 154 A   0.46768 0.02554 0.48036 0.02642 ( 3)
 155 N   0.47296 0.02091 0.48454 0.02160 ( 3)
 156 S   0.46527 0.02817 0.47743 0.02913 ( 3)
 157 V   0.46083 0.03171 0.47461 0.03285 ( 3)
 158 V   0.05069 0.44058 0.05221 0.45651 ( 4)
 159 L   0.44872 0.04306 0.46352 0.04470 ( 3)
 160 C   0.45966 0.03283 0.47349 0.03402 ( 3)
 161 T   0.45768 0.03470 0.47166 0.03596 ( 3)
 162 L   0.47043 0.02316 0.48246 0.02394 ( 3)
 163 T   0.47455 0.01997 0.48489 0.02060 ( 3)
 164 L   0.20772 0.28283 0.21533 0.29412 ( 4)
 165 N   0.47243 0.02143 0.48400 0.02214 ( 3)
 166 L   0.45204 0.03993 0.46660 0.04142 ( 3)
 167 P   0.46706 0.02579 0.48045 0.02670 ( 3)
 168 R   0.22653 0.26517 0.23345 0.27485 ( 4)
 169 C   0.45966 0.03283 0.47349 0.03402 ( 3)
 170 G   0.43576 0.05526 0.45153 0.05746 ( 3)
 171 N   0.46953 0.02393 0.48180 0.02474 ( 3)
 172 K   0.02469 0.13348 0.54857 0.29327 ( 3)
 173 L   0.07859 0.41354 0.08053 0.42734 ( 4)
 174 L   0.43297 0.05794 0.44884 0.06025 ( 3)
 175 D   0.46902 0.02440 0.48135 0.02524 ( 3)
 176 H   0.46435 0.02862 0.47740 0.02963 ( 3)
 177 F   0.47630 0.01799 0.48714 0.01857 ( 3)
 178 L   0.44968 0.04229 0.46417 0.04387 ( 3)
 179 C   0.45966 0.03283 0.47349 0.03402 ( 3)
 180 E   0.45217 0.03979 0.46676 0.04128 ( 3)
 181 L   0.44944 0.04252 0.46392 0.04411 ( 3)
 182 P   0.44655 0.04506 0.46161 0.04678 ( 3)
 183 A   0.47183 0.02183 0.48377 0.02257 ( 3)
 184 M   0.12651 0.36391 0.13114 0.37844 ( 4)
 185 V   0.47460 0.01962 0.48552 0.02025 ( 3)
 186 K   0.45824 0.03421 0.47211 0.03545 ( 3)
 187 I   0.47564 0.01865 0.48646 0.01925 ( 3)
 188 A   0.47183 0.02183 0.48377 0.02257 ( 3)
 189 C   0.45940 0.03309 0.47322 0.03429 ( 3)
 190 I   0.17589 0.31577 0.18115 0.32719 ( 4)
 191 D   0.46580 0.02724 0.47877 0.02820 ( 3)
 192 T   0.47473 0.01927 0.48610 0.01990 ( 3)
 193 T   0.45768 0.03470 0.47166 0.03596 ( 3)
 194 A   0.04327 0.44789 0.04459 0.46425 ( 4)
 195 V   0.47921 0.01558 0.48915 0.01606 ( 3)
 196 E   0.45086 0.04101 0.46558 0.04255 ( 3)
 197 M   0.39532 0.10015 0.40155 0.10298 ( 3)
 198 S   0.46983 0.02363 0.48211 0.02444 ( 3)
 199 V   0.47921 0.01558 0.48915 0.01606 ( 3)
 200 F   0.47834 0.01595 0.48923 0.01647 ( 3)
 201 A   0.33405 0.15905 0.34251 0.16439 ( 3)
 202 L   0.44886 0.04292 0.46367 0.04455 ( 3)
 203 G   0.45485 0.03728 0.46921 0.03866 ( 3)
 204 I   0.47978 0.01528 0.48920 0.01574 ( 3)
 205 V   0.08819 0.40430 0.09020 0.41731 ( 4)
 206 I   0.08748 0.40550 0.08919 0.41783 ( 4)
 207 V   0.47589 0.01835 0.48683 0.01894 ( 3)
 208 L   0.47349 0.02012 0.48559 0.02080 ( 3)
 209 T   0.45768 0.03470 0.47166 0.03596 ( 3)
 210 P   0.46503 0.02820 0.47760 0.02917 ( 3)
 211 L   0.47043 0.02316 0.48246 0.02394 ( 3)
 212 I   0.34145 0.15243 0.34888 0.15725 ( 3)
 213 L   0.47437 0.01972 0.48556 0.02036 ( 3)
 214 I   0.47953 0.01553 0.48894 0.01600 ( 3)
 215 L   0.33119 0.16226 0.33900 0.16755 ( 3)
 216 I   0.07775 0.41470 0.07952 0.42804 ( 4)
 217 S   0.46604 0.02699 0.47903 0.02794 ( 3)
 218 Y   0.46100 0.03164 0.47458 0.03278 ( 3)
 219 G   0.45509 0.03704 0.46946 0.03841 ( 3)
 220 Y   0.45667 0.03562 0.47077 0.03693 ( 3)
 221 I   0.47978 0.01528 0.48920 0.01574 ( 3)
 222 A   0.46806 0.02515 0.48076 0.02602 ( 3)
 223 K   0.28638 0.20548 0.29515 0.21299 ( 3)
 224 A   0.47183 0.02183 0.48377 0.02257 ( 3)
 225 V   0.46107 0.03160 0.47460 0.03273 ( 3)
 226 L   0.43506 0.05586 0.45100 0.05809 ( 3)
 227 R   0.45187 0.04006 0.46651 0.04157 ( 3)
 228 M   0.15181 0.34127 0.15484 0.35207 ( 4)
 229 K   0.45878 0.03367 0.47266 0.03489 ( 3)
 230 S   0.44276 0.04864 0.45807 0.05053 ( 3)
 231 K   0.45739 0.03496 0.47140 0.03624 ( 3)
 232 A   0.45074 0.04112 0.46548 0.04267 ( 3)
 233 G   0.25097 0.24012 0.25960 0.24931 ( 3)
 234 Q   0.21153 0.27918 0.21910 0.29019 ( 4)
 235 R   0.12723 0.36282 0.13218 0.37776 ( 4)
 236 K   0.45761 0.03474 0.47163 0.03601 ( 3)
 237 A   0.24347 0.24787 0.25143 0.25722 ( 4)
 238 V   0.06329 0.43011 0.06428 0.44232 ( 4)
 239 N   0.47257 0.02129 0.48414 0.02200 ( 3)
 240 T   0.47442 0.01958 0.48578 0.02023 ( 3)
 241 C   0.45966 0.03283 0.47349 0.03402 ( 3)
 242 G   0.43919 0.05183 0.45509 0.05389 ( 3)
 243 S   0.46926 0.02420 0.48152 0.02502 ( 3)
 244 H   0.46506 0.02791 0.47814 0.02889 ( 3)
 245 L   0.32849 0.16495 0.33624 0.17033 ( 3)
 246 T   0.47791 0.01662 0.48832 0.01715 ( 3)
 247 V   0.46313 0.02941 0.47698 0.03048 ( 3)
 248 V   0.46107 0.03160 0.47460 0.03273 ( 3)
 249 S   0.29199 0.20077 0.29962 0.20761 ( 3)
 250 I   0.34977 0.14277 0.35927 0.14818 ( 3)
 251 F   0.47610 0.01819 0.48694 0.01877 ( 3)
 252 Y   0.46100 0.03164 0.47458 0.03278 ( 3)
 253 G   0.43625 0.05478 0.45203 0.05695 ( 3)
 254 T   0.35766 0.13629 0.36545 0.14060 ( 3)
 255 I   0.47813 0.01692 0.48752 0.01743 ( 3)
 256 I   0.47668 0.01785 0.48706 0.01841 ( 3)
 257 Y   0.45667 0.03562 0.47077 0.03693 ( 3)
 258 M   0.13886 0.35501 0.14105 0.36509 ( 4)
 259 Y   0.45667 0.03562 0.47077 0.03693 ( 3)
 260 L   0.43263 0.05828 0.44848 0.06061 ( 3)
 261 Q   0.21134 0.27933 0.21895 0.29038 ( 4)
 262 P   0.44655 0.04506 0.46161 0.04678 ( 3)
 263 G   0.45926 0.03320 0.47314 0.03440 ( 3)
 264 N   0.46977 0.02369 0.48204 0.02450 ( 3)
 265 S   0.32509 0.16670 0.33533 0.17287 ( 3)
 266 A   0.46940 0.02425 0.48128 0.02507 ( 3)
 267 S   0.46563 0.02740 0.47860 0.02836 ( 3)
 268 K   0.00546 0.48558 0.00563 0.50333 ( 4)
 269 D   0.46604 0.02700 0.47902 0.02794 ( 3)
 270 Q   0.43712 0.05399 0.45276 0.05612 ( 3)
 271 G   0.26831 0.22332 0.27678 0.23160 ( 3)
 272 K   0.45819 0.03425 0.47206 0.03550 ( 3)
 273 F   0.47610 0.01819 0.48694 0.01877 ( 3)
 274 L   0.47043 0.02316 0.48246 0.02394 ( 3)
 275 T   0.47443 0.01957 0.48579 0.02021 ( 3)
 276 L   0.47043 0.02316 0.48246 0.02394 ( 3)
 277 F   0.47887 0.01590 0.48884 0.01639 ( 3)
 278 Y   0.45667 0.03562 0.47077 0.03693 ( 3)
 279 T   0.47311 0.02088 0.48444 0.02157 ( 3)
 280 I   0.35842 0.13406 0.36847 0.13905 ( 3)
 281 I   0.47668 0.01785 0.48706 0.01841 ( 3)
 282 T   0.47757 0.01696 0.48798 0.01750 ( 3)
 283 P   0.44655 0.04506 0.46161 0.04678 ( 3)
 284 S   0.47139 0.02221 0.48344 0.02296 ( 3)
 285 L   0.46768 0.02591 0.47964 0.02678 ( 3)
 286 N   0.47030 0.02316 0.48259 0.02395 ( 3)
 287 P   0.46417 0.02758 0.47963 0.02863 ( 3)
 288 L   0.47068 0.02291 0.48272 0.02369 ( 3)
 289 I   0.47978 0.01528 0.48920 0.01574 ( 3)
 290 Y   0.45720 0.03510 0.47131 0.03639 ( 3)
 291 T   0.47412 0.01988 0.48547 0.02053 ( 3)
 292 L   0.44690 0.04488 0.46164 0.04658 ( 3)
 293 R   0.45052 0.04141 0.46511 0.04296 ( 3)
 294 N   0.47296 0.02091 0.48454 0.02160 ( 3)
 295 K   0.45850 0.03395 0.47237 0.03518 ( 3)
 296 D   0.46604 0.02700 0.47902 0.02794 ( 3)
 297 M   0.48624 0.00979 0.49390 0.01007 ( 3)
 298 K   0.45850 0.03395 0.47237 0.03518 ( 3)
 299 D   0.08046 0.41146 0.08258 0.42550 ( 4)
 300 A   0.45397 0.03919 0.46629 0.04055 ( 3)
 301 L   0.43487 0.05604 0.45081 0.05828 ( 3)
 302 K   0.05387 0.43737 0.05550 0.45327 ( 4)
 303 K   0.45837 0.03399 0.47241 0.03523 ( 3)
 304 L   0.43506 0.05586 0.45100 0.05809 ( 3)
 305 M   0.01569 0.47745 0.01594 0.49092 ( 4)
 306 R   0.00154 0.48925 0.00159 0.50762 ( 4)
 307 V   0.00414 0.48823 0.00422 0.50341 ( 4)
 308 D   0.04427 0.44704 0.04558 0.46311 ( 4)
 309 H   0.00042 0.49075 0.00044 0.50839 ( 4)
 310 K   0.00517 0.48575 0.00534 0.50374 ( 4)
 311 S   0.06471 0.42717 0.06640 0.44172 ( 4)


lnL = -2754.939259

Bayes Empirical Bayes (BEB) probabilities for 4 classes (class)
(amino acids refer to 1st sequence: ENSVPAP00000007769_Vpac)

   1 M   0.73086 0.01565 0.24822 0.00527 ( 1)
   2 D   0.40813 0.33395 0.14494 0.11298 ( 1)
   3 L   0.30933 0.43020 0.11251 0.14797 ( 2)
   4 R   0.01471 0.72699 0.00555 0.25275 ( 2)
   5 N   0.71011 0.03350 0.24501 0.01139 ( 1)
   6 Y   0.39021 0.35136 0.13920 0.11924 ( 1)
   7 T   0.46899 0.27388 0.16500 0.09213 ( 1)
   8 L   0.27485 0.46754 0.09876 0.15886 ( 2)
   9 L   0.65531 0.08545 0.22991 0.02933 ( 1)
  10 Q   0.41272 0.32929 0.14658 0.11142 ( 1)
  11 G   0.68419 0.05751 0.23863 0.01967 ( 1)
  12 F   0.71991 0.02490 0.24675 0.00843 ( 1)
  13 I   0.52405 0.22071 0.18171 0.07353 ( 1)
  14 L   0.64852 0.09104 0.22904 0.03140 ( 1)
  15 L   0.71232 0.03158 0.24538 0.01072 ( 1)
  16 G   0.68312 0.05814 0.23882 0.01992 ( 1)
  17 F   0.71505 0.02913 0.24594 0.00988 ( 1)
  18 S   0.70518 0.03788 0.24404 0.01290 ( 1)
  19 D   0.43328 0.30812 0.15411 0.10450 ( 1)
  20 H   0.42432 0.31770 0.15054 0.10744 ( 1)
  21 P   0.69139 0.04916 0.24255 0.01690 ( 1)
  22 K   0.68588 0.05568 0.23938 0.01906 ( 1)
  23 L   0.35699 0.38859 0.12476 0.12966 ( 2)
  24 E   0.67727 0.06374 0.23712 0.02186 ( 1)
  25 M   0.57708 0.16905 0.19796 0.05592 ( 1)
  26 V   0.38824 0.35560 0.13671 0.11945 ( 1)
  27 L   0.64919 0.09037 0.22927 0.03117 ( 1)
  28 S   0.66243 0.07782 0.23299 0.02677 ( 1)
  29 A   0.30763 0.43185 0.11194 0.14858 ( 2)
  30 V   0.52046 0.22397 0.18085 0.07472 ( 1)
  31 V   0.71417 0.02992 0.24575 0.01015 ( 1)
  32 T   0.48035 0.26205 0.16930 0.08829 ( 1)
  33 L   0.15409 0.58930 0.05619 0.20042 ( 2)
  34 F   0.71535 0.02883 0.24604 0.00978 ( 1)
  35 Y   0.68440 0.05709 0.23897 0.01955 ( 1)
  36 L   0.01928 0.72086 0.00734 0.25252 ( 2)
  37 I   0.72076 0.02443 0.24655 0.00826 ( 1)
  38 T   0.69081 0.05078 0.24102 0.01739 ( 1)
  39 L   0.35024 0.39045 0.12602 0.13329 ( 2)
  40 A   0.41067 0.33095 0.14619 0.11219 ( 1)
  41 G   0.68455 0.05715 0.23875 0.01955 ( 1)
  42 N   0.70471 0.03835 0.24388 0.01306 ( 1)
  43 T   0.69061 0.05099 0.24095 0.01746 ( 1)
  44 A   0.09139 0.05484 0.80690 0.04687 ( 3)
  45 I   0.71592 0.02856 0.24583 0.00968 ( 1)
  46 I   0.72034 0.02484 0.24642 0.00840 ( 1)
  47 L   0.46251 0.28093 0.16228 0.09428 ( 1)
  48 A   0.67484 0.06604 0.23646 0.02266 ( 1)
  49 S   0.70336 0.03970 0.24342 0.01352 ( 1)
  50 L   0.46009 0.28275 0.16201 0.09515 ( 1)
  51 L   0.64703 0.09253 0.22853 0.03191 ( 1)
  52 D   0.70480 0.03821 0.24397 0.01301 ( 1)
  53 P   0.41902 0.32307 0.14867 0.10925 ( 1)
  54 H   0.00268 0.73670 0.00103 0.25960 ( 2)
  55 L   0.70420 0.03968 0.24265 0.01347 ( 1)
  56 H   0.69317 0.04923 0.24080 0.01680 ( 1)
  57 T   0.39178 0.34944 0.14001 0.11877 ( 1)
  58 P   0.66859 0.07194 0.23475 0.02472 ( 1)
  59 M   0.73086 0.01565 0.24822 0.00527 ( 1)
  60 Y   0.68865 0.05284 0.24042 0.01810 ( 1)
  61 F   0.71920 0.02562 0.24651 0.00867 ( 1)
  62 F   0.71505 0.02913 0.24594 0.00988 ( 1)
  63 L   0.70613 0.03711 0.24413 0.01263 ( 1)
  64 R   0.35274 0.38790 0.12693 0.13243 ( 2)
  65 N   0.71011 0.03350 0.24501 0.01139 ( 1)
  66 L   0.66823 0.07254 0.23433 0.02490 ( 1)
  67 S   0.70480 0.03826 0.24391 0.01303 ( 1)
  68 F   0.71505 0.02913 0.24594 0.00988 ( 1)
  69 L   0.65632 0.08315 0.23184 0.02869 ( 1)
  70 D   0.70480 0.03821 0.24397 0.01301 ( 1)
  71 L   0.64527 0.09420 0.22804 0.03250 ( 1)
  72 C   0.68676 0.05499 0.23945 0.01881 ( 1)
  73 F   0.71505 0.02913 0.24594 0.00988 ( 1)
  74 T   0.68599 0.05560 0.23938 0.01903 ( 1)
  75 T   0.71235 0.03143 0.24553 0.01068 ( 1)
  76 S   0.70165 0.04106 0.24329 0.01400 ( 1)
  77 I   0.71592 0.02856 0.24583 0.00968 ( 1)
  78 I   0.50102 0.24304 0.17468 0.08125 ( 1)
  79 P   0.70173 0.04104 0.24324 0.01399 ( 1)
  80 Q   0.65444 0.08541 0.23073 0.02942 ( 1)
  81 M   0.73086 0.01565 0.24822 0.00527 ( 1)
  82 L   0.65033 0.08923 0.22966 0.03078 ( 1)
  83 V   0.71856 0.02554 0.24722 0.00867 ( 1)
  84 N   0.45099 0.29164 0.15909 0.09828 ( 1)
  85 L   0.67707 0.06396 0.23703 0.02194 ( 1)
  86 W   0.64345 0.09592 0.22752 0.03310 ( 1)
  87 G   0.65140 0.08831 0.22985 0.03044 ( 1)
  88 P   0.70212 0.04065 0.24337 0.01386 ( 1)
  89 D   0.12288 0.61923 0.04534 0.21254 ( 2)
  90 K   0.68772 0.05396 0.23985 0.01846 ( 1)
  91 T   0.71194 0.03185 0.24540 0.01082 ( 1)
  92 I   0.71458 0.02990 0.24538 0.01014 ( 1)
  93 S   0.70165 0.04106 0.24329 0.01400 ( 1)
  94 Y   0.69124 0.05071 0.24071 0.01734 ( 1)
  95 V   0.29419 0.44728 0.10601 0.15252 ( 2)
  96 G   0.68331 0.05839 0.23833 0.01997 ( 1)
  97 C   0.68912 0.05263 0.24025 0.01800 ( 1)
  98 V   0.15751 0.58588 0.05742 0.19920 ( 2)
  99 I   0.52182 0.22228 0.18163 0.07426 ( 1)
 100 Q   0.65255 0.08722 0.23017 0.03006 ( 1)
 101 L   0.70613 0.03711 0.24413 0.01263 ( 1)
 102 Y   0.69124 0.05071 0.24071 0.01734 ( 1)
 103 V   0.19569 0.54808 0.07087 0.18536 ( 2)
 104 Y   0.68864 0.05285 0.24041 0.01810 ( 1)
 105 M   0.73086 0.01565 0.24822 0.00527 ( 1)
 106 W   0.64345 0.09592 0.22752 0.03310 ( 1)
 107 F   0.36492 0.37579 0.13112 0.12818 ( 2)
 108 G   0.68312 0.05814 0.23882 0.01992 ( 1)
 109 S   0.39030 0.34972 0.14047 0.11951 ( 1)
 110 T   0.01990 0.72351 0.00741 0.24917 ( 2)
 111 E   0.67649 0.06452 0.23686 0.02213 ( 1)
 112 C   0.68364 0.05767 0.23893 0.01976 ( 1)
 113 L   0.71169 0.03221 0.24517 0.01094 ( 1)
 114 L   0.70613 0.03711 0.24413 0.01263 ( 1)
 115 L   0.65955 0.08002 0.23283 0.02760 ( 1)
 116 A   0.70835 0.03499 0.24475 0.01191 ( 1)
 117 V   0.71991 0.02493 0.24672 0.00844 ( 1)
 118 M   0.73086 0.01565 0.24822 0.00527 ( 1)
 119 S   0.69921 0.04327 0.24275 0.01477 ( 1)
 120 Y   0.69124 0.05071 0.24071 0.01734 ( 1)
 121 D   0.70480 0.03821 0.24397 0.01301 ( 1)
 122 R   0.67788 0.06342 0.23697 0.02173 ( 1)
 123 F   0.71924 0.02558 0.24652 0.00866 ( 1)
 124 T   0.68961 0.05198 0.24061 0.01780 ( 1)
 125 A   0.70504 0.03829 0.24364 0.01302 ( 1)
 126 I   0.50009 0.24365 0.17465 0.08161 ( 1)
 127 C   0.68912 0.05263 0.24025 0.01800 ( 1)
 128 K   0.68707 0.05461 0.23963 0.01869 ( 1)
 129 P   0.69601 0.04621 0.24200 0.01578 ( 1)
 130 L   0.67707 0.06396 0.23703 0.02194 ( 1)
 131 H   0.69766 0.04474 0.24232 0.01527 ( 1)
 132 Y   0.69048 0.05147 0.24045 0.01759 ( 1)
 133 L   0.37849 0.36563 0.13317 0.12271 ( 1)
 134 V   0.41034 0.33111 0.14622 0.11233 ( 1)
 135 I   0.42586 0.31442 0.15303 0.10669 ( 1)
 136 M   0.73086 0.01565 0.24822 0.00527 ( 1)
 137 N   0.70498 0.03808 0.24397 0.01297 ( 1)
 138 P   0.34339 0.39685 0.12397 0.13580 ( 2)
 139 H   0.69766 0.04474 0.24232 0.01527 ( 1)
 140 L   0.35018 0.38909 0.12704 0.13369 ( 2)
 141 C   0.68871 0.05304 0.24011 0.01815 ( 1)
 142 F   0.12835 0.61079 0.04821 0.21265 ( 2)
 143 K   0.68707 0.05461 0.23963 0.01869 ( 1)
 144 M   0.22378 0.52148 0.08006 0.17468 ( 2)
 145 T   0.18063 0.56341 0.06540 0.19056 ( 2)
 146 T   0.16867 0.57461 0.06140 0.19532 ( 2)
 147 M   0.43133 0.31444 0.14977 0.10446 ( 1)
 148 V   0.05722 0.23474 0.47634 0.23171 ( 3)
 149 W   0.64345 0.09592 0.22752 0.03310 ( 1)
 150 S   0.70562 0.03763 0.24394 0.01281 ( 1)
 151 I   0.72039 0.02480 0.24643 0.00838 ( 1)
 152 S   0.70766 0.03560 0.24463 0.01211 ( 1)
 153 L   0.37991 0.35905 0.13761 0.12343 ( 1)
 154 A   0.70179 0.04094 0.24331 0.01396 ( 1)
 155 N   0.71011 0.03350 0.24501 0.01139 ( 1)
 156 S   0.69789 0.04516 0.24158 0.01537 ( 1)
 157 V   0.69098 0.05082 0.24082 0.01738 ( 1)
 158 V   0.10549 0.63559 0.03927 0.21965 ( 2)
 159 L   0.67184 0.06894 0.23556 0.02367 ( 1)
 160 C   0.68912 0.05263 0.24025 0.01800 ( 1)
 161 T   0.68599 0.05560 0.23938 0.01903 ( 1)
 162 L   0.70613 0.03711 0.24413 0.01263 ( 1)
 163 T   0.71251 0.03198 0.24468 0.01083 ( 1)
 164 L   0.30247 0.43686 0.11021 0.15045 ( 2)
 165 N   0.70927 0.03433 0.24473 0.01167 ( 1)
 166 L   0.67707 0.06396 0.23703 0.02194 ( 1)
 167 P   0.70088 0.04134 0.24365 0.01412 ( 1)
 168 R   0.32605 0.41511 0.11726 0.14158 ( 2)
 169 C   0.68912 0.05263 0.24025 0.01800 ( 1)
 170 G   0.65140 0.08831 0.22985 0.03044 ( 1)
 171 N   0.70471 0.03835 0.24388 0.01306 ( 1)
 172 K   0.05111 0.25508 0.43307 0.26074 ( 3)
 173 L   0.14852 0.59400 0.05448 0.20300 ( 2)
 174 L   0.64703 0.09253 0.22853 0.03191 ( 1)
 175 D   0.70390 0.03911 0.24367 0.01332 ( 1)
 176 H   0.69652 0.04588 0.24194 0.01566 ( 1)
 177 F   0.71537 0.02880 0.24605 0.00977 ( 1)
 178 L   0.67332 0.06771 0.23575 0.02322 ( 1)
 179 C   0.68912 0.05263 0.24025 0.01800 ( 1)
 180 E   0.67727 0.06374 0.23712 0.02186 ( 1)
 181 L   0.67295 0.06808 0.23562 0.02335 ( 1)
 182 P   0.66840 0.07213 0.23469 0.02478 ( 1)
 183 A   0.70835 0.03499 0.24475 0.01191 ( 1)
 184 M   0.21045 0.52882 0.07819 0.18254 ( 2)
 185 V   0.71267 0.03143 0.24524 0.01066 ( 1)
 186 K   0.68687 0.05482 0.23956 0.01876 ( 1)
 187 I   0.71431 0.02986 0.24570 0.01013 ( 1)
 188 A   0.70835 0.03499 0.24475 0.01191 ( 1)
 189 C   0.68871 0.05304 0.24011 0.01815 ( 1)
 190 I   0.26381 0.47746 0.09547 0.16327 ( 2)
 191 D   0.69882 0.04367 0.24261 0.01490 ( 1)
 192 T   0.71292 0.03086 0.24573 0.01049 ( 1)
 193 T   0.68599 0.05560 0.23938 0.01903 ( 1)
 194 A   0.09276 0.64812 0.03463 0.22448 ( 2)
 195 V   0.71991 0.02493 0.24672 0.00844 ( 1)
 196 E   0.67521 0.06568 0.23657 0.02254 ( 1)
 197 M   0.55870 0.18737 0.19191 0.06201 ( 1)
 198 S   0.70518 0.03788 0.24404 0.01290 ( 1)
 199 V   0.71991 0.02493 0.24672 0.00844 ( 1)
 200 F   0.71864 0.02554 0.24715 0.00867 ( 1)
 201 A   0.46677 0.27617 0.16419 0.09287 ( 1)
 202 L   0.67206 0.06871 0.23564 0.02359 ( 1)
 203 G   0.68152 0.05973 0.23828 0.02047 ( 1)
 204 I   0.72076 0.02443 0.24655 0.00826 ( 1)
 205 V   0.16187 0.58127 0.05907 0.19779 ( 2)
 206 I   0.16079 0.58320 0.05837 0.19764 ( 2)
 207 V   0.71472 0.02938 0.24593 0.00997 ( 1)
 208 L   0.71102 0.03223 0.24578 0.01097 ( 1)
 209 T   0.68599 0.05560 0.23938 0.01903 ( 1)
 210 P   0.69756 0.04520 0.24183 0.01540 ( 1)
 211 L   0.70613 0.03711 0.24413 0.01263 ( 1)
 212 I   0.47735 0.26666 0.16675 0.08923 ( 1)
 213 L   0.71232 0.03158 0.24538 0.01072 ( 1)
 214 I   0.72035 0.02484 0.24642 0.00840 ( 1)
 215 L   0.46279 0.28066 0.16237 0.09418 ( 1)
 216 I   0.14725 0.59587 0.05384 0.20305 ( 2)
 217 S   0.69921 0.04327 0.24275 0.01477 ( 1)
 218 Y   0.69124 0.05071 0.24071 0.01734 ( 1)
 219 G   0.68190 0.05936 0.23840 0.02034 ( 1)
 220 Y   0.68440 0.05709 0.23897 0.01955 ( 1)
 221 I   0.72076 0.02443 0.24655 0.00826 ( 1)
 222 A   0.70242 0.04032 0.24352 0.01375 ( 1)
 223 K   0.40220 0.33903 0.14361 0.11517 ( 1)
 224 A   0.70835 0.03499 0.24475 0.01191 ( 1)
 225 V   0.69134 0.05064 0.24070 0.01731 ( 1)
 226 L   0.65033 0.08923 0.22966 0.03078 ( 1)
 227 R   0.67680 0.06418 0.23701 0.02202 ( 1)
 228 M   0.24041 0.50331 0.08648 0.16979 ( 2)
 229 K   0.68772 0.05396 0.23985 0.01846 ( 1)
 230 S   0.66243 0.07782 0.23299 0.02677 ( 1)
 231 K   0.68553 0.05603 0.23926 0.01918 ( 1)
 232 A   0.67502 0.06586 0.23652 0.02260 ( 1)
 233 G   0.35667 0.38347 0.12875 0.13111 ( 2)
 234 Q   0.30725 0.43234 0.11173 0.14868 ( 2)
 235 R   0.20105 0.53757 0.07442 0.18696 ( 2)
 236 K   0.68588 0.05568 0.23938 0.01906 ( 1)
 237 A   0.34725 0.39330 0.12509 0.13436 ( 2)
 238 V   0.12850 0.61645 0.04656 0.20848 ( 2)
 239 N   0.70949 0.03411 0.24480 0.01159 ( 1)
 240 T   0.71242 0.03137 0.24556 0.01066 ( 1)
 241 C   0.68912 0.05263 0.24025 0.01800 ( 1)
 242 G   0.65683 0.08288 0.23171 0.02857 ( 1)
 243 S   0.70428 0.03878 0.24373 0.01321 ( 1)
 244 H   0.69766 0.04474 0.24232 0.01527 ( 1)
 245 L   0.45901 0.28442 0.16110 0.09547 ( 1)
 246 T   0.71789 0.02661 0.24648 0.00902 ( 1)
 247 V   0.69467 0.04714 0.24207 0.01613 ( 1)
 248 V   0.69134 0.05064 0.24070 0.01731 ( 1)
 249 S   0.40964 0.33296 0.14503 0.11237 ( 1)
 250 I   0.48944 0.25241 0.17238 0.08576 ( 1)
 251 F   0.71505 0.02913 0.24594 0.00988 ( 1)
 252 Y   0.69124 0.05071 0.24071 0.01734 ( 1)
 253 G   0.65217 0.08754 0.23011 0.03017 ( 1)
 254 T   0.50080 0.24327 0.17461 0.08132 ( 1)
 255 I   0.71814 0.02704 0.24568 0.00914 ( 1)
 256 I   0.71592 0.02856 0.24583 0.00968 ( 1)
 257 Y   0.68440 0.05709 0.23897 0.01955 ( 1)
 258 M   0.22574 0.51946 0.08075 0.17405 ( 2)
 259 Y   0.68440 0.05709 0.23897 0.01955 ( 1)
 260 L   0.64649 0.09307 0.22835 0.03210 ( 1)
 261 Q   0.30700 0.43252 0.11169 0.14879 ( 2)
 262 P   0.66840 0.07213 0.23469 0.02478 ( 1)
 263 G   0.68849 0.05321 0.24009 0.01821 ( 1)
 264 N   0.70510 0.03796 0.24401 0.01293 ( 1)
 265 S   0.45424 0.28678 0.16168 0.09730 ( 1)
 266 A   0.70446 0.03888 0.24344 0.01322 ( 1)
 267 S   0.69855 0.04393 0.24253 0.01499 ( 1)
 268 K   0.01919 0.72159 0.00728 0.25195 ( 2)
 269 D   0.69922 0.04328 0.24274 0.01477 ( 1)
 270 Q   0.65355 0.08630 0.23042 0.02973 ( 1)
 271 G   0.37879 0.36212 0.13577 0.12332 ( 1)
 272 K   0.68679 0.05489 0.23953 0.01878 ( 1)
 273 F   0.71505 0.02913 0.24594 0.00988 ( 1)
 274 L   0.70613 0.03711 0.24413 0.01263 ( 1)
 275 T   0.71243 0.03135 0.24556 0.01065 ( 1)
 276 L   0.70613 0.03711 0.24413 0.01263 ( 1)
 277 F   0.71937 0.02545 0.24657 0.00861 ( 1)
 278 Y   0.68440 0.05709 0.23897 0.01955 ( 1)
 279 T   0.71033 0.03345 0.24485 0.01136 ( 1)
 280 I   0.50212 0.23966 0.17696 0.08126 ( 1)
 281 I   0.71592 0.02856 0.24583 0.00968 ( 1)
 282 T   0.71734 0.02716 0.24630 0.00920 ( 1)
 283 P   0.66840 0.07213 0.23469 0.02478 ( 1)
 284 S   0.70766 0.03560 0.24463 0.01211 ( 1)
 285 L   0.70172 0.04151 0.24264 0.01413 ( 1)
 286 N   0.70595 0.03711 0.24430 0.01264 ( 1)
 287 P   0.69648 0.04421 0.24411 0.01520 ( 1)
 288 L   0.70652 0.03672 0.24426 0.01250 ( 1)
 289 I   0.72076 0.02443 0.24655 0.00826 ( 1)
 290 Y   0.68523 0.05625 0.23925 0.01926 ( 1)
 291 T   0.71194 0.03185 0.24540 0.01082 ( 1)
 292 L   0.66893 0.07184 0.23457 0.02466 ( 1)
 293 R   0.67468 0.06629 0.23628 0.02274 ( 1)
 294 N   0.71011 0.03350 0.24501 0.01139 ( 1)
 295 K   0.68728 0.05440 0.23970 0.01862 ( 1)
 296 D   0.69922 0.04328 0.24274 0.01477 ( 1)
 297 M   0.73086 0.01565 0.24822 0.00527 ( 1)
 298 K   0.68728 0.05440 0.23970 0.01862 ( 1)
 299 D   0.15128 0.59088 0.05562 0.20223 ( 2)
 300 A   0.67992 0.06278 0.23591 0.02139 ( 1)
 301 L   0.65004 0.08952 0.22956 0.03088 ( 1)
 302 K   0.11074 0.63025 0.04122 0.21779 ( 2)
 303 K   0.68709 0.05448 0.23979 0.01865 ( 1)
 304 L   0.65033 0.08923 0.22966 0.03078 ( 1)
 305 M   0.04872 0.69612 0.01792 0.23725 ( 2)
 306 R   0.00625 0.73404 0.00238 0.25732 ( 2)
 307 V   0.01550 0.72789 0.00578 0.25082 ( 2)
 308 D   0.09460 0.64658 0.03525 0.22357 ( 2)
 309 H   0.00236 0.73870 0.00090 0.25804 ( 2)
 310 K   0.01828 0.72228 0.00694 0.25250 ( 2)
 311 S   0.12798 0.61418 0.04719 0.21066 ( 2)

Ancestral reconstruction by CODONML.

(ENSP00000366380_Hsap: 0.016651, ENSPTRP00000030497_Ptro: 0.013204, (ENSNLEP00000023049_Nleu: 0.041767, (ENSCCNP00000015207_Ccan: 0.228089, (ENSEEUP00000005787_Eeur: 0.345373, (ENSVPAP00000007769_Vpac: 0.143337, ENSCAFP00000033838_Cfam: 0.311553): 0.014563): 0.036379): 0.134421): 0.008655);

(7, 3, (4, (5, (2, (1, 6)))));

   8..7     8..3     8..9     9..4     9..10   10..5    10..11   11..2    11..12   12..1    12..6  

tree with node labels for Rod Page's TreeView
(7_ENSP00000366380_Hsap, 3_ENSPTRP00000030497_Ptro, (4_ENSNLEP00000023049_Nleu, (5_ENSCCNP00000015207_Ccan, (2_ENSEEUP00000005787_Eeur, (1_ENSVPAP00000007769_Vpac, 6_ENSCAFP00000033838_Cfam) 12 ) 11 ) 10 ) 9 ) 8 ;

Nodes 8 to 12 are ancestral

(1) Marginal reconstruction of ancestral sequences
(eqn. 4 in Yang et al. 1995 Genetics 141:1641-1650).

Prob of best state at each node, listed by site

   site   Freq   Data: 

   1      7   ATG (M) ATG (M) ATG (M) ATG (M) ATG (M) ATG (M) ATG (M) :  ATG M 1.000 (M 1.000) ATG M 1.000 (M 1.000) ATG M 1.000 (M 1.000) ATG M 1.000 (M 1.000) ATG M 1.000 (M 1.000)
   2      1   GAC (D) TAC (Y) GAC (D) GAC (D) GAT (D) GAC (D) GAC (D) :  GAC D 1.000 (D 1.000) GAC D 1.000 (D 1.000) GAC D 0.992 (D 1.000) GAC D 0.999 (D 1.000) GAC D 0.999 (D 1.000)
   3      1   CTA (L) CAA (Q) CAA (Q) CAA (Q) CAA (Q) CAA (Q) CAA (Q) :  CAA Q 1.000 (Q 1.000) CAA Q 1.000 (Q 1.000) CAA Q 1.000 (Q 1.000) CAA Q 1.000 (Q 1.000) CAA Q 0.999 (Q 0.999)
   4      1   AGA (R) AAC (N) AGC (S) AGC (S) AAC (N) AAC (N) AGC (S) :  AGC S 1.000 (S 1.000) AGC S 1.000 (S 1.000) AGC S 0.575 (S 0.575) AGC S 0.563 (S 0.563) AGC S 0.566 (S 0.567)
   5      4   AAT (N) AAT (N) AAT (N) AAT (N) AAT (N) AAT (N) AAT (N) :  AAT N 1.000 (N 1.000) AAT N 1.000 (N 1.000) AAT N 1.000 (N 1.000) AAT N 1.000 (N 1.000) AAT N 1.000 (N 1.000)
   6      1   TAT (Y) GAT (D) TAT (Y) TAT (Y) TAC (Y) TAT (Y) TAT (Y) :  TAT Y 1.000 (Y 1.000) TAT Y 1.000 (Y 1.000) TAT Y 0.990 (Y 1.000) TAT Y 0.999 (Y 1.000) TAT Y 0.999 (Y 1.000)
   7      1   ACT (T) ACT (T) AGT (S) AGT (S) AGT (S) ACT (T) AGT (S) :  AGT S 1.000 (S 1.000) AGT S 1.000 (S 1.000) AGT S 0.965 (S 0.965) ACT T 0.982 (T 0.982) ACT T 0.992 (T 0.992)
   8      1   TTG (L) TCT (S) TCT (S) TCT (S) TCT (S) TCT (S) TCT (S) :  TCT S 1.000 (S 1.000) TCT S 1.000 (S 1.000) TCT S 0.999 (S 0.999) TCT S 0.996 (S 0.996) TCT S 0.981 (S 0.986)
   9      1   CTA (L) CTA (L) TTA (L) TTA (L) TTA (L) CTA (L) TTA (L) :  TTA L 1.000 (L 1.000) TTA L 1.000 (L 1.000) TTA L 0.761 (L 1.000) CTA L 0.915 (L 1.000) CTA L 0.953 (L 1.000)
  10      1   CAG (Q) CAT (H) CAT (H) CAT (H) CAT (H) CAC (H) CAT (H) :  CAT H 1.000 (H 1.000) CAT H 1.000 (H 1.000) CAT H 0.995 (H 1.000) CAT H 0.980 (H 0.998) CAT H 0.921 (H 0.983)
  11      1   GGG (G) GGC (G) GGT (G) GGT (G) GGC (G) GGT (G) GGT (G) :  GGT G 1.000 (G 1.000) GGT G 1.000 (G 1.000) GGT G 0.612 (G 1.000) GGT G 0.609 (G 1.000) GGT G 0.624 (G 1.000)
  12      1   TTT (F) TTT (F) TTT (F) TTT (F) TTT (F) TTT (F) TTT (F) :  TTT F 1.000 (F 1.000) TTT F 1.000 (F 1.000) TTT F 0.999 (F 1.000) TTT F 1.000 (F 1.000) TTT F 1.000 (F 1.000)
  13      1   ATT (I) ATT (I) ATT (I) ATT (I) ATT (I) GTT (V) ATT (I) :  ATT I 1.000 (I 1.000) ATT I 1.000 (I 1.000) ATT I 0.996 (I 0.998) ATT I 0.995 (I 0.996) ATT I 0.993 (I 0.994)
  14      1   CTG (L) CTG (L) CTG (L) CTG (L) CTG (L) TTA (L) CTG (L) :  CTG L 1.000 (L 1.000) CTG L 1.000 (L 1.000) CTG L 0.999 (L 1.000) CTG L 0.997 (L 1.000) CTG L 0.992 (L 1.000)
  15      2   CTT (L) CTT (L) CTT (L) CTT (L) CTT (L) CTT (L) CTT (L) :  CTT L 1.000 (L 1.000) CTT L 1.000 (L 1.000) CTT L 1.000 (L 1.000) CTT L 1.000 (L 1.000) CTT L 1.000 (L 1.000)
  16      2   GGC (G) GGT (G) GGC (G) GGC (G) GGC (G) GGT (G) GGC (G) :  GGC G 1.000 (G 1.000) GGC G 1.000 (G 1.000) GGC G 0.993 (G 1.000) GGC G 0.951 (G 1.000) GGC G 0.950 (G 1.000)
  17      6   TTC (F) TTC (F) TTC (F) TTC (F) TTC (F) TTC (F) TTC (F) :  TTC F 1.000 (F 1.000) TTC F 1.000 (F 1.000) TTC F 1.000 (F 1.000) TTC F 1.000 (F 1.000) TTC F 1.000 (F 1.000)
  18      2   TCT (S) TCT (S) TCT (S) TCT (S) TCT (S) TCT (S) TCT (S) :  TCT S 1.000 (S 1.000) TCT S 1.000 (S 1.000) TCT S 1.000 (S 1.000) TCT S 1.000 (S 1.000) TCT S 1.000 (S 1.000)
  19      1   GAC (D) GAT (D) GAC (D) GAC (D) GAC (D) GAC (D) AAC (N) :  GAC D 0.999 (D 0.999) GAC D 1.000 (D 1.000) GAC D 1.000 (D 1.000) GAC D 0.999 (D 1.000) GAC D 0.999 (D 1.000)
  20      1   CAT (H) CAT (H) CAT (H) CAT (H) CAT (H) TAT (Y) CAT (H) :  CAT H 1.000 (H 1.000) CAT H 1.000 (H 1.000) CAT H 1.000 (H 1.000) CAT H 1.000 (H 1.000) CAT H 0.998 (H 0.998)
  21      1   CCC (P) CCC (P) CCA (P) CCA (P) CCC (P) CCC (P) CCA (P) :  CCA P 1.000 (P 1.000) CCA P 1.000 (P 1.000) CCC P 0.994 (P 1.000) CCC P 1.000 (P 1.000) CCC P 1.000 (P 1.000)
  22      2   AAA (K) AAA (K) AAA (K) AAA (K) AAA (K) AAA (K) AAA (K) :  AAA K 1.000 (K 1.000) AAA K 1.000 (K 1.000) AAA K 1.000 (K 1.000) AAA K 1.000 (K 1.000) AAA K 1.000 (K 1.000)
  23      1   CTG (L) CTT (L) ATG (M) ATG (M) CTG (L) CTG (L) ATG (M) :  ATG M 1.000 (M 1.000) ATG M 1.000 (M 1.000) CTG L 0.994 (L 0.996) CTG L 0.999 (L 1.000) CTG L 0.999 (L 1.000)
  24      2   GAG (E) GAG (E) GAG (E) GAG (E) GAG (E) GAG (E) GAG (E) :  GAG E 1.000 (E 1.000) GAG E 1.000 (E 1.000) GAG E 1.000 (E 1.000) GAG E 1.000 (E 1.000) GAG E 1.000 (E 1.000)
  25      1   ATG (M) ATA (I) ATG (M) ATG (M) ATG (M) ATG (M) ATG (M) :  ATG M 1.000 (M 1.000) ATG M 1.000 (M 1.000) ATG M 1.000 (M 1.000) ATG M 0.999 (M 0.999) ATG M 0.999 (M 0.999)
  26      1   GTC (V) GTC (V) ATC (I) ATT (I) ATC (I) GTG (V) ATC (I) :  ATC I 1.000 (I 1.000) ATC I 0.972 (I 1.000) ATC I 0.771 (I 0.774) GTC V 0.946 (V 0.948) GTC V 0.965 (V 0.969)
  27      1   CTG (L) CTG (L) CTG (L) CTG (L) TTG (L) CTA (L) CTG (L) :  CTG L 1.000 (L 1.000) CTG L 1.000 (L 1.000) CTG L 0.989 (L 1.000) CTG L 0.997 (L 1.000) CTG L 0.995 (L 1.000)
  28      2   TCA (S) TCA (S) TCA (S) TCA (S) TCA (S) TCA (S) TCA (S) :  TCA S 1.000 (S 1.000) TCA S 1.000 (S 1.000) TCA S 1.000 (S 1.000) TCA S 1.000 (S 1.000) TCA S 1.000 (S 1.000)
  29      1   GCA (A) GGA (G) GGA (G) GGA (G) GGA (G) GGA (G) GGA (G) :  GGA G 1.000 (G 1.000) GGA G 1.000 (G 1.000) GGA G 1.000 (G 1.000) GGA G 1.000 (G 1.000) GGA G 0.999 (G 0.999)
  30      1   GTT (V) GTT (V) GTT (V) GTT (V) ATT (I) GTT (V) GTT (V) :  GTT V 1.000 (V 1.000) GTT V 1.000 (V 1.000) GTT V 0.994 (V 0.995) GTT V 0.999 (V 0.999) GTT V 0.999 (V 0.999)
  31      1   GTC (V) GTC (V) GTC (V) GTC (V) GTC (V) GTC (V) GTC (V) :  GTC V 1.000 (V 1.000) GTC V 1.000 (V 1.000) GTC V 1.000 (V 1.000) GTC V 1.000 (V 1.000) GTC V 1.000 (V 1.000)
  32      1   ACT (T) ACC (T) GCC (A) GCC (A) ACC (T) ACT (T) GCC (A) :  GCC A 1.000 (A 1.000) GCC A 1.000 (A 1.000) ACC T 0.943 (T 0.987) ACC T 0.824 (T 0.998) ACC T 0.514 (T 0.999)
  33      1   CTC (L) ATA (I) ATC (I) ATC (I) ATC (I) GTC (V) ATC (I) :  ATC I 1.000 (I 1.000) ATC I 1.000 (I 1.000) ATC I 0.975 (I 0.977) ATC I 0.946 (I 0.949) ATC I 0.868 (I 0.870)
  34      1   TTC (F) TTC (F) TTC (F) TTC (F) TTC (F) TTT (F) TTC (F) :  TTC F 1.000 (F 1.000) TTC F 1.000 (F 1.000) TTC F 0.998 (F 1.000) TTC F 0.996 (F 1.000) TTC F 0.991 (F 1.000)
  35      5   TAC (Y) TAC (Y) TAC (Y) TAC (Y) TAC (Y) TAC (Y) TAC (Y) :  TAC Y 1.000 (Y 1.000) TAC Y 1.000 (Y 1.000) TAC Y 1.000 (Y 1.000) TAC Y 1.000 (Y 1.000) TAC Y 1.000 (Y 1.000)
  36      1   TTA (L) TTA (L) TTA (L) TTA (L) TGC (C) TTC (F) TTA (L) :  TTA L 1.000 (L 1.000) TTA L 1.000 (L 1.000) TTA L 0.980 (L 0.982) TTA L 0.986 (L 0.988) TTA L 0.985 (L 0.987)
  37      4   ATT (I) ATT (I) ATT (I) ATT (I) ATT (I) ATT (I) ATT (I) :  ATT I 1.000 (I 1.000) ATT I 1.000 (I 1.000) ATT I 0.998 (I 1.000) ATT I 0.998 (I 1.000) ATT I 0.998 (I 1.000)
  38      1   ACT (T) ACA (T) ACA (T) ACA (T) ACC (T) ACA (T) ACA (T) :  ACA T 1.000 (T 1.000) ACA T 1.000 (T 1.000) ACA T 0.991 (T 1.000) ACA T 0.993 (T 1.000) ACA T 0.989 (T 1.000)
  39      1   TTG (L) TTG (L) TTG (L) TTG (L) TTA (L) TGG (W) TTG (L) :  TTG L 1.000 (L 1.000) TTG L 1.000 (L 1.000) TTG L 0.989 (L 1.000) TTG L 0.999 (L 1.000) TTG L 0.999 (L 0.999)
  40      1   GCT (A) GTG (V) GTG (V) GTG (V) GTG (V) GTG (V) GTG (V) :  GTG V 1.000 (V 1.000) GTG V 1.000 (V 1.000) GTG V 0.999 (V 0.999) GTG V 0.997 (V 0.998) GTG V 0.987 (V 0.995)
  41      1   GGT (G) GGA (G) GGT (G) GGT (G) GGT (G) GGT (G) GGT (G) :  GGT G 1.000 (G 1.000) GGT G 1.000 (G 1.000) GGT G 1.000 (G 1.000) GGT G 1.000 (G 1.000) GGT G 1.000 (G 1.000)
  42      2   AAC (N) AAC (N) AAC (N) AAC (N) AAC (N) AAC (N) AAC (N) :  AAC N 1.000 (N 1.000) AAC N 1.000 (N 1.000) AAC N 1.000 (N 1.000) AAC N 1.000 (N 1.000) AAC N 1.000 (N 1.000)
  43      1   ACA (T) ACT (T) ACA (T) ACA (T) ACA (T) ACA (T) ACA (T) :  ACA T 1.000 (T 1.000) ACA T 1.000 (T 1.000) ACA T 1.000 (T 1.000) ACA T 1.000 (T 1.000) ACA T 1.000 (T 1.000)
  44      1   GCC (A) GCC (A) GTC (V) GCC (A) GCT (A) GCC (A) GCC (A) :  GCC A 1.000 (A 1.000) GCC A 1.000 (A 1.000) GCC A 0.993 (A 1.000) GCC A 0.999 (A 1.000) GCC A 1.000 (A 1.000)
  45      4   ATC (I) ATC (I) ATC (I) ATC (I) ATC (I) ATC (I) ATC (I) :  ATC I 1.000 (I 1.000) ATC I 1.000 (I 1.000) ATC I 0.998 (I 1.000) ATC I 0.999 (I 1.000) ATC I 0.998 (I 1.000)
  46      1   ATT (I) ATT (I) ATT (I) ATT (I) ATT (I) ATC (I) ATT (I) :  ATT I 1.000 (I 1.000) ATT I 1.000 (I 1.000) ATT I 0.993 (I 1.000) ATT I 0.988 (I 1.000) ATT I 0.982 (I 1.000)
  47      1   CTC (L) CTT (L) CTT (L) CTT (L) CTT (L) ATT (I) CTT (L) :  CTT L 1.000 (L 1.000) CTT L 1.000 (L 1.000) CTT L 0.992 (L 1.000) CTT L 0.980 (L 1.000) CTT L 0.956 (L 0.999)
  48      1   GCA (A) GCA (A) GCA (A) GCA (A) GCA (A) GCA (A) GCA (A) :  GCA A 1.000 (A 1.000) GCA A 1.000 (A 1.000) GCA A 1.000 (A 1.000) GCA A 1.000 (A 1.000) GCA A 1.000 (A 1.000)
  49      1   TCC (S) TCC (S) TCT (S) TCT (S) TCT (S) TCT (S) TCT (S) :  TCT S 1.000 (S 1.000) TCT S 1.000 (S 1.000) TCT S 0.941 (S 1.000) TCT S 0.753 (S 1.000) TCT S 0.745 (S 1.000)
  50      1   CTC (L) CTC (L) CTC (L) CTC (L) TTC (F) CTC (L) CTC (L) :  CTC L 1.000 (L 1.000) CTC L 1.000 (L 1.000) CTC L 0.994 (L 0.994) CTC L 0.999 (L 0.999) CTC L 0.999 (L 0.999)
  51      2   CTG (L) CTG (L) CTG (L) CTG (L) CTG (L) CTG (L) CTG (L) :  CTG L 1.000 (L 1.000) CTG L 1.000 (L 1.000) CTG L 1.000 (L 1.000) CTG L 1.000 (L 1.000) CTG L 1.000 (L 1.000)
  52      3   GAT (D) GAT (D) GAT (D) GAT (D) GAT (D) GAT (D) GAT (D) :  GAT D 1.000 (D 1.000) GAT D 1.000 (D 1.000) GAT D 1.000 (D 1.000) GAT D 1.000 (D 1.000) GAT D 1.000 (D 1.000)
  53      1   CCC (P) TCC (S) TCC (S) TCC (S) TCA (S) TCC (S) TCC (S) :  TCC S 1.000 (S 1.000) TCC S 1.000 (S 1.000) TCC S 0.997 (S 1.000) TCC S 0.998 (S 0.998) TCC S 0.993 (S 0.993)
